Feel free to place comments here.


!!!!!!!!!!!!!!!!!!!!!!!!!!!!!!!!!!!!!!!!!!!!!!!!!!!!!!!!!!!!!!!!!!!!!!!!!
!!! Warning:  This is a KLT data file.  Do not modify below this line !!!

------------------------------
KLT Feature Table
------------------------------

nFrames = 6, nFeatures = 500

feature |          frame
        |                   0                   1                   2                   3                   4                   5
--------+-------------------------------------------------------------------------------------------------------------------------
      0 | (224.0,450.0)=20168 ( -1.0, -1.0)=   -5 ( -1.0, -1.0)=   -5 ( -1.0, -1.0)=   -5 ( -1.0, -1.0)=   -5 ( -1.0, -1.0)=   -5 
      1 | (405.0,524.0)=18143 ( -1.0, -1.0)=   -5 ( -1.0, -1.0)=   -5 ( -1.0, -1.0)=   -5 ( -1.0, -1.0)=   -5 ( -1.0, -1.0)=   -5 
      2 | (969.0,567.0)=18129 ( -1.0, -1.0)=   -4 ( -1.0, -1.0)=   -4 ( -1.0, -1.0)=   -4 ( -1.0, -1.0)=   -4 ( -1.0, -1.0)=   -4 
      3 | (426.0,488.0)=16668 ( -1.0, -1.0)=   -5 ( -1.0, -1.0)=   -5 ( -1.0, -1.0)=   -5 ( -1.0, -1.0)=   -5 ( -1.0, -1.0)=   -5 
      4 | (237.0,449.0)=15427 ( -1.0, -1.0)=   -5 ( -1.0, -1.0)=   -5 ( -1.0, -1.0)=   -5 ( -1.0, -1.0)=   -5 ( -1.0, -1.0)=   -5 
      5 | (222.0,506.0)=14865 ( -1.0, -1.0)=   -5 ( -1.0, -1.0)=   -5 ( -1.0, -1.0)=   -5 ( -1.0, -1.0)=   -5 ( -1.0, -1.0)=   -5 
      6 | (461.0,329.0)=14830 (453.7,305.0)=    0 (463.9,299.2)=    0 (461.6,288.7)=    0 (464.5,291.7)=    0 (461.0,289.3)=    0 
      7 | (975.0,550.0)=14485 ( -1.0, -1.0)=   -4 ( -1.0, -1.0)=   -4 ( -1.0, -1.0)=   -4 ( -1.0, -1.0)=   -4 ( -1.0, -1.0)=   -4 
      8 | (110.0,414.0)=14328 ( -1.0, -1.0)=   -5 ( -1.0, -1.0)=   -5 ( -1.0, -1.0)=   -5 ( -1.0, -1.0)=   -5 ( -1.0, -1.0)=   -5 
      9 | (400.0,277.0)=13981 (424.9,250.4)=    0 (403.5,248.3)=    0 (401.7,238.7)=    0 (405.4,242.5)=    0 (402.5,240.5)=    0 
     10 | (101.0,431.0)=13915 ( -1.0, -1.0)=   -5 ( -1.0, -1.0)=   -5 ( -1.0, -1.0)=   -5 ( -1.0, -1.0)=   -5 ( -1.0, -1.0)=   -5 
     11 | (722.0,233.0)=13662 ( -1.0, -1.0)=   -5 ( -1.0, -1.0)=   -5 ( -1.0, -1.0)=   -5 ( -1.0, -1.0)=   -5 ( -1.0, -1.0)=   -5 
     12 | (462.0,399.0)=13488 ( -1.0, -1.0)=   -5 ( -1.0, -1.0)=   -5 ( -1.0, -1.0)=   -5 ( -1.0, -1.0)=   -5 ( -1.0, -1.0)=   -5 
     13 | (528.0,415.0)=13471 ( -1.0, -1.0)=   -5 ( -1.0, -1.0)=   -5 ( -1.0, -1.0)=   -5 ( -1.0, -1.0)=   -5 ( -1.0, -1.0)=   -5 
     14 | (646.0,367.0)=13298 ( -1.0, -1.0)=   -5 ( -1.0, -1.0)=   -5 ( -1.0, -1.0)=   -5 ( -1.0, -1.0)=   -5 ( -1.0, -1.0)=   -5 
     15 | (405.0,335.0)=12841 ( -1.0, -1.0)=   -5 ( -1.0, -1.0)=   -5 ( -1.0, -1.0)=   -5 ( -1.0, -1.0)=   -5 ( -1.0, -1.0)=   -5 
     16 | (718.0,187.0)=12590 ( -1.0, -1.0)=   -5 ( -1.0, -1.0)=   -5 ( -1.0, -1.0)=   -5 ( -1.0, -1.0)=   -5 ( -1.0, -1.0)=   -5 
     17 | (102.0,448.0)=12429 ( -1.0, -1.0)=   -5 ( -1.0, -1.0)=   -5 ( -1.0, -1.0)=   -5 ( -1.0, -1.0)=   -5 ( -1.0, -1.0)=   -5 
     18 | (729.0,318.0)=12195 ( -1.0, -1.0)=   -5 ( -1.0, -1.0)=   -5 ( -1.0, -1.0)=   -5 ( -1.0, -1.0)=   -5 ( -1.0, -1.0)=   -5 
     19 | (430.0,342.0)=12194 ( -1.0, -1.0)=   -5 ( -1.0, -1.0)=   -5 ( -1.0, -1.0)=   -5 ( -1.0, -1.0)=   -5 ( -1.0, -1.0)=   -5 
     20 | (438.0,331.0)=11959 ( -1.0, -1.0)=   -5 ( -1.0, -1.0)=   -5 ( -1.0, -1.0)=   -5 ( -1.0, -1.0)=   -5 ( -1.0, -1.0)=   -5 
     21 | (361.0,347.0)=11811 (385.2,321.0)=    0 (363.1,318.8)=    0 (360.6,309.5)=    0 (363.4,313.5)=    0 (359.6,311.8)=    0 
     22 | (355.0,282.0)=11790 ( -1.0, -1.0)=   -5 ( -1.0, -1.0)=   -5 ( -1.0, -1.0)=   -5 ( -1.0, -1.0)=   -5 ( -1.0, -1.0)=   -5 
     23 | (618.0,393.0)=11768 ( -1.0, -1.0)=   -5 ( -1.0, -1.0)=   -5 ( -1.0, -1.0)=   -5 ( -1.0, -1.0)=   -5 ( -1.0, -1.0)=   -5 
     24 | (975.0,512.0)=11565 ( -1.0, -1.0)=   -4 ( -1.0, -1.0)=   -4 ( -1.0, -1.0)=   -4 ( -1.0, -1.0)=   -4 ( -1.0, -1.0)=   -4 
     25 | ( 91.0,554.0)=11535 ( -1.0, -1.0)=   -5 ( -1.0, -1.0)=   -5 ( -1.0, -1.0)=   -5 ( -1.0, -1.0)=   -5 ( -1.0, -1.0)=   -5 
     26 | (432.0,403.0)=11486 ( -1.0, -1.0)=   -5 ( -1.0, -1.0)=   -5 ( -1.0, -1.0)=   -5 ( -1.0, -1.0)=   -5 ( -1.0, -1.0)=   -5 
     27 | (840.0,409.0)=11416 ( -1.0, -1.0)=   -5 ( -1.0, -1.0)=   -5 ( -1.0, -1.0)=   -5 ( -1.0, -1.0)=   -5 ( -1.0, -1.0)=   -5 
     28 | (456.0,469.0)=11318 (481.9,443.3)=    0 (460.3,441.2)=    0 (459.1,431.8)=    0 (462.7,435.9)=    0 (459.4,434.9)=    0 
     29 | (312.0,343.0)=10695 ( -1.0, -1.0)=   -5 ( -1.0, -1.0)=   -5 ( -1.0, -1.0)=   -5 ( -1.0, -1.0)=   -5 ( -1.0, -1.0)=   -5 
     30 | (397.0,424.0)=10176 ( -1.0, -1.0)=   -5 ( -1.0, -1.0)=   -5 ( -1.0, -1.0)=   -5 ( -1.0, -1.0)=   -5 ( -1.0, -1.0)=   -5 
     31 | (368.0,374.0)=10087 ( -1.0, -1.0)=   -5 ( -1.0, -1.0)=   -5 ( -1.0, -1.0)=   -5 ( -1.0, -1.0)=   -5 ( -1.0, -1.0)=   -5 
     32 | (232.0,506.0)=10071 ( -1.0, -1.0)=   -5 ( -1.0, -1.0)=   -5 ( -1.0, -1.0)=   -5 ( -1.0, -1.0)=   -5 ( -1.0, -1.0)=   -5 
     33 | (523.0,425.0)=10005 ( -1.0, -1.0)=   -5 ( -1.0, -1.0)=   -5 ( -1.0, -1.0)=   -5 ( -1.0, -1.0)=   -5 ( -1.0, -1.0)=   -5 
     34 | (340.0,350.0)= 9848 (336.0,326.9)=    0 (314.3,324.8)=    0 (312.4,315.8)=    0 (315.8,320.0)=    0 (312.5,318.4)=    0 
     35 | (339.0,340.0)= 9761 ( -1.0, -1.0)=   -5 ( -1.0, -1.0)=   -5 ( -1.0, -1.0)=   -5 ( -1.0, -1.0)=   -5 ( -1.0, -1.0)=   -5 
     36 | (732.0,231.0)= 9759 ( -1.0, -1.0)=   -5 ( -1.0, -1.0)=   -5 ( -1.0, -1.0)=   -5 ( -1.0, -1.0)=   -5 ( -1.0, -1.0)=   -5 
     37 | (651.0,381.0)= 9714 (678.2,354.2)=    0 ( -1.0, -1.0)=   -5 ( -1.0, -1.0)=   -5 ( -1.0, -1.0)=   -5 ( -1.0, -1.0)=   -5 
     38 | (261.0,483.0)= 9443 ( -1.0, -1.0)=   -5 ( -1.0, -1.0)=   -5 ( -1.0, -1.0)=   -5 ( -1.0, -1.0)=   -5 ( -1.0, -1.0)=   -5 
     39 | (221.0,521.0)= 9220 ( -1.0, -1.0)=   -5 ( -1.0, -1.0)=   -5 ( -1.0, -1.0)=   -5 ( -1.0, -1.0)=   -5 ( -1.0, -1.0)=   -5 
     40 | (262.0,543.0)= 9215 ( -1.0, -1.0)=   -5 ( -1.0, -1.0)=   -5 ( -1.0, -1.0)=   -5 ( -1.0, -1.0)=   -5 ( -1.0, -1.0)=   -5 
     41 | (377.0,388.0)= 9177 ( -1.0, -1.0)=   -5 ( -1.0, -1.0)=   -5 ( -1.0, -1.0)=   -5 ( -1.0, -1.0)=   -5 ( -1.0, -1.0)=   -5 
     42 | (882.0,399.0)= 9156 ( -1.0, -1.0)=   -5 ( -1.0, -1.0)=   -5 ( -1.0, -1.0)=   -5 ( -1.0, -1.0)=   -5 ( -1.0, -1.0)=   -5 
     43 | (434.0,288.0)= 9071 ( -1.0, -1.0)=   -5 ( -1.0, -1.0)=   -5 ( -1.0, -1.0)=   -5 ( -1.0, -1.0)=   -5 ( -1.0, -1.0)=   -5 
     44 | (312.0,447.0)= 8849 (336.2,421.7)=    0 (313.9,419.5)=    0 (311.4,410.2)=    0 (313.9,413.9)=    0 (309.6,411.8)=    0 
     45 | (212.0, 64.0)= 8823 ( -1.0, -1.0)=   -5 ( -1.0, -1.0)=   -5 ( -1.0, -1.0)=   -5 ( -1.0, -1.0)=   -5 ( -1.0, -1.0)=   -5 
     46 | (316.0,523.0)= 8790 ( -1.0, -1.0)=   -5 ( -1.0, -1.0)=   -5 ( -1.0, -1.0)=   -5 ( -1.0, -1.0)=   -5 ( -1.0, -1.0)=   -5 
     47 | (973.0,531.0)= 8721 ( -1.0, -1.0)=   -4 ( -1.0, -1.0)=   -4 ( -1.0, -1.0)=   -4 ( -1.0, -1.0)=   -4 ( -1.0, -1.0)=   -4 
     48 | (462.0,382.0)= 8699 ( -1.0, -1.0)=   -5 ( -1.0, -1.0)=   -5 ( -1.0, -1.0)=   -5 ( -1.0, -1.0)=   -5 ( -1.0, -1.0)=   -5 
     49 | (730.0,182.0)= 8693 ( -1.0, -1.0)=   -5 ( -1.0, -1.0)=   -5 ( -1.0, -1.0)=   -5 ( -1.0, -1.0)=   -5 ( -1.0, -1.0)=   -5 
     50 | (428.0,332.0)= 8652 ( -1.0, -1.0)=   -5 ( -1.0, -1.0)=   -5 ( -1.0, -1.0)=   -5 ( -1.0, -1.0)=   -5 ( -1.0, -1.0)=   -5 
     51 | (440.0,341.0)= 8625 ( -1.0, -1.0)=   -5 ( -1.0, -1.0)=   -5 ( -1.0, -1.0)=   -5 ( -1.0, -1.0)=   -5 ( -1.0, -1.0)=   -5 
     52 | (776.0,584.0)= 8609 ( -1.0, -1.0)=   -5 ( -1.0, -1.0)=   -5 ( -1.0, -1.0)=   -5 ( -1.0, -1.0)=   -5 ( -1.0, -1.0)=   -5 
     53 | (406.0,345.0)= 8500 ( -1.0, -1.0)=   -5 ( -1.0, -1.0)=   -5 ( -1.0, -1.0)=   -5 ( -1.0, -1.0)=   -5 ( -1.0, -1.0)=   -5 
     54 | (829.0,401.0)= 8488 ( -1.0, -1.0)=   -5 ( -1.0, -1.0)=   -5 ( -1.0, -1.0)=   -5 ( -1.0, -1.0)=   -5 ( -1.0, -1.0)=   -5 
     55 | (463.0,339.0)= 8316 (454.0,316.0)=    0 (466.0,310.7)=    0 (463.7,301.2)=    0 (467.0,305.1)=    0 (463.6,303.5)=    0 
     56 | (739.0,319.0)= 8171 ( -1.0, -1.0)=   -5 ( -1.0, -1.0)=   -5 ( -1.0, -1.0)=   -5 ( -1.0, -1.0)=   -5 ( -1.0, -1.0)=   -5 
     57 | (365.0,384.0)= 8149 ( -1.0, -1.0)=   -5 ( -1.0, -1.0)=   -5 ( -1.0, -1.0)=   -5 ( -1.0, -1.0)=   -5 ( -1.0, -1.0)=   -5 
     58 | (234.0, 77.0)= 8114 ( -1.0, -1.0)=   -5 ( -1.0, -1.0)=   -5 ( -1.0, -1.0)=   -5 ( -1.0, -1.0)=   -5 ( -1.0, -1.0)=   -5 
     59 | (734.0,374.0)= 8030 ( -1.0, -1.0)=   -5 ( -1.0, -1.0)=   -5 ( -1.0, -1.0)=   -5 ( -1.0, -1.0)=   -5 ( -1.0, -1.0)=   -5 
     60 | (856.0,211.0)= 8005 ( -1.0, -1.0)=   -5 ( -1.0, -1.0)=   -5 ( -1.0, -1.0)=   -5 ( -1.0, -1.0)=   -5 ( -1.0, -1.0)=   -5 
     61 | (343.0,384.0)= 7967 (338.5,359.4)=    0 (316.8,356.9)=    0 (314.8,347.3)=    0 (318.4,350.7)=    0 (315.0,348.6)=    0 
     62 | (233.0, 57.0)= 7889 ( -1.0, -1.0)=   -5 ( -1.0, -1.0)=   -5 ( -1.0, -1.0)=   -5 ( -1.0, -1.0)=   -5 ( -1.0, -1.0)=   -5 
     63 | (306.0,420.0)= 7888 (330.2,394.9)=    0 (308.2,392.6)=    0 (306.2,383.8)=    0 (309.2,387.9)=    0 (305.8,386.4)=    0 
     64 | (512.0,481.0)= 7762 ( -1.0, -1.0)=   -5 ( -1.0, -1.0)=   -5 ( -1.0, -1.0)=   -5 ( -1.0, -1.0)=   -5 ( -1.0, -1.0)=   -5 
     65 | (327.0,301.0)= 7643 ( -1.0, -1.0)=   -5 ( -1.0, -1.0)=   -5 ( -1.0, -1.0)=   -5 ( -1.0, -1.0)=   -5 ( -1.0, -1.0)=   -5 
     66 | (812.0,379.0)= 7637 ( -1.0, -1.0)=   -5 ( -1.0, -1.0)=   -5 ( -1.0, -1.0)=   -5 ( -1.0, -1.0)=   -5 ( -1.0, -1.0)=   -5 
     67 | (951.0,592.0)= 7610 ( -1.0, -1.0)=   -5 ( -1.0, -1.0)=   -5 ( -1.0, -1.0)=   -5 ( -1.0, -1.0)=   -5 ( -1.0, -1.0)=   -5 
     68 | (441.0,379.0)= 7515 (466.7,352.5)=    0 (445.1,350.1)=    0 (443.9,339.9)=    0 (447.7,343.0)=    0 (445.1,340.7)=    0 
     69 | (314.0,386.0)= 7408 ( -1.0, -1.0)=   -5 ( -1.0, -1.0)=   -5 ( -1.0, -1.0)=   -5 ( -1.0, -1.0)=   -5 ( -1.0, -1.0)=   -5 
     70 | (240.0,481.0)= 7367 ( -1.0, -1.0)=   -5 ( -1.0, -1.0)=   -5 ( -1.0, -1.0)=   -5 ( -1.0, -1.0)=   -5 ( -1.0, -1.0)=   -5 
     71 | (411.0,492.0)= 7294 ( -1.0, -1.0)=   -5 ( -1.0, -1.0)=   -5 ( -1.0, -1.0)=   -5 ( -1.0, -1.0)=   -5 ( -1.0, -1.0)=   -5 
     72 | (639.0,377.0)= 7218 (666.3,350.1)=    0 (645.3,348.1)=    0 (644.8,337.9)=    0 (649.2,341.6)=    0 (647.7,340.0)=    0 
     73 | (229.0,473.0)= 7179 ( -1.0, -1.0)=   -5 ( -1.0, -1.0)=   -5 ( -1.0, -1.0)=   -5 ( -1.0, -1.0)=   -5 ( -1.0, -1.0)=   -5 
     74 | (821.0,433.0)= 7162 ( -1.0, -1.0)=   -5 ( -1.0, -1.0)=   -5 ( -1.0, -1.0)=   -5 ( -1.0, -1.0)=   -5 ( -1.0, -1.0)=   -5 
     75 | (552.0,294.0)= 7042 ( -1.0, -1.0)=   -5 ( -1.0, -1.0)=   -5 ( -1.0, -1.0)=   -5 ( -1.0, -1.0)=   -5 ( -1.0, -1.0)=   -5 
     76 | (378.0,374.0)= 7008 ( -1.0, -1.0)=   -5 ( -1.0, -1.0)=   -5 ( -1.0, -1.0)=   -5 ( -1.0, -1.0)=   -5 ( -1.0, -1.0)=   -5 
     77 | (109.0,490.0)= 6934 ( -1.0, -1.0)=   -5 ( -1.0, -1.0)=   -5 ( -1.0, -1.0)=   -5 ( -1.0, -1.0)=   -5 ( -1.0, -1.0)=   -5 
     78 | (554.0,314.0)= 6927 (580.3,286.5)=    0 (559.1,284.2)=    0 (557.8,273.5)=    0 (561.8,276.7)=    0 (558.8,274.1)=    0 
     79 | (845.0,177.0)= 6888 ( -1.0, -1.0)=   -5 ( -1.0, -1.0)=   -5 ( -1.0, -1.0)=   -5 ( -1.0, -1.0)=   -5 ( -1.0, -1.0)=   -5 
     80 | (879.0,410.0)= 6872 ( -1.0, -1.0)=   -5 ( -1.0, -1.0)=   -5 ( -1.0, -1.0)=   -5 ( -1.0, -1.0)=   -5 ( -1.0, -1.0)=   -5 
     81 | (659.0,391.0)= 6792 ( -1.0, -1.0)=   -5 ( -1.0, -1.0)=   -5 ( -1.0, -1.0)=   -5 ( -1.0, -1.0)=   -5 ( -1.0, -1.0)=   -5 
     82 | (830.0,390.0)= 6784 ( -1.0, -1.0)=   -5 ( -1.0, -1.0)=   -5 ( -1.0, -1.0)=   -5 ( -1.0, -1.0)=   -5 ( -1.0, -1.0)=   -5 
     83 | (948.0,577.0)= 6726 ( -1.0, -1.0)=   -4 ( -1.0, -1.0)=   -4 ( -1.0, -1.0)=   -4 ( -1.0, -1.0)=   -4 ( -1.0, -1.0)=   -4 
     84 | (815.0,398.0)= 6710 ( -1.0, -1.0)=   -5 ( -1.0, -1.0)=   -5 ( -1.0, -1.0)=   -5 ( -1.0, -1.0)=   -5 ( -1.0, -1.0)=   -5 
     85 | (415.0,402.0)= 6702 ( -1.0, -1.0)=   -5 ( -1.0, -1.0)=   -5 ( -1.0, -1.0)=   -5 ( -1.0, -1.0)=   -5 ( -1.0, -1.0)=   -5 
     86 | (755.0,192.0)= 6678 ( -1.0, -1.0)=   -5 ( -1.0, -1.0)=   -5 ( -1.0, -1.0)=   -5 ( -1.0, -1.0)=   -5 ( -1.0, -1.0)=   -5 
     87 | (128.0,425.0)= 6606 ( -1.0, -1.0)=   -5 ( -1.0, -1.0)=   -5 ( -1.0, -1.0)=   -5 ( -1.0, -1.0)=   -5 ( -1.0, -1.0)=   -5 
     88 | (809.0,438.0)= 6573 ( -1.0, -1.0)=   -5 ( -1.0, -1.0)=   -5 ( -1.0, -1.0)=   -5 ( -1.0, -1.0)=   -5 ( -1.0, -1.0)=   -5 
     89 | (641.0,528.0)= 6562 ( -1.0, -1.0)=   -5 ( -1.0, -1.0)=   -5 ( -1.0, -1.0)=   -5 ( -1.0, -1.0)=   -5 ( -1.0, -1.0)=   -5 
     90 | (484.0,545.0)= 6526 ( -1.0, -1.0)=   -5 ( -1.0, -1.0)=   -5 ( -1.0, -1.0)=   -5 ( -1.0, -1.0)=   -5 ( -1.0, -1.0)=   -5 
     91 | (154.0,448.0)= 6469 ( -1.0, -1.0)=   -5 ( -1.0, -1.0)=   -5 ( -1.0, -1.0)=   -5 ( -1.0, -1.0)=   -5 ( -1.0, -1.0)=   -5 
     92 | (825.0,215.0)= 6347 (854.3,184.9)=    0 (834.2,182.1)=    0 (834.5,169.6)=    0 (840.1,171.5)=    0 (839.3,168.4)=    0 
     93 | (326.0,527.0)= 6320 ( -1.0, -1.0)=   -5 ( -1.0, -1.0)=   -5 ( -1.0, -1.0)=   -5 ( -1.0, -1.0)=   -5 ( -1.0, -1.0)=   -5 
     94 | (266.0,531.0)= 6308 ( -1.0, -1.0)=   -5 ( -1.0, -1.0)=   -5 ( -1.0, -1.0)=   -5 ( -1.0, -1.0)=   -5 ( -1.0, -1.0)=   -5 
     95 | (502.0,301.0)= 6283 ( -1.0, -1.0)=   -5 ( -1.0, -1.0)=   -5 ( -1.0, -1.0)=   -5 ( -1.0, -1.0)=   -5 ( -1.0, -1.0)=   -5 
     96 | (474.0,379.0)= 6247 ( -1.0, -1.0)=   -5 ( -1.0, -1.0)=   -5 ( -1.0, -1.0)=   -5 ( -1.0, -1.0)=   -5 ( -1.0, -1.0)=   -5 
     97 | (871.0,215.0)= 6182 ( -1.0, -1.0)=   -5 ( -1.0, -1.0)=   -5 ( -1.0, -1.0)=   -5 ( -1.0, -1.0)=   -5 ( -1.0, -1.0)=   -5 
     98 | (420.0,520.0)= 6178 ( -1.0, -1.0)=   -5 ( -1.0, -1.0)=   -5 ( -1.0, -1.0)=   -5 ( -1.0, -1.0)=   -5 ( -1.0, -1.0)=   -5 
     99 | (497.0,478.0)= 6140 ( -1.0, -1.0)=   -5 ( -1.0, -1.0)=   -5 ( -1.0, -1.0)=   -5 ( -1.0, -1.0)=   -5 ( -1.0, -1.0)=   -5 
    100 | (401.0,451.0)= 6134 ( -1.0, -1.0)=   -5 ( -1.0, -1.0)=   -5 ( -1.0, -1.0)=   -5 ( -1.0, -1.0)=   -5 ( -1.0, -1.0)=   -5 
    101 | (473.0,392.0)= 6126 ( -1.0, -1.0)=   -5 ( -1.0, -1.0)=   -5 ( -1.0, -1.0)=   -5 ( -1.0, -1.0)=   -5 ( -1.0, -1.0)=   -5 
    102 | (222.0,486.0)= 5979 (245.3,461.6)=    0 ( -1.0, -1.0)=   -5 ( -1.0, -1.0)=   -5 ( -1.0, -1.0)=   -5 ( -1.0, -1.0)=   -5 
    103 | (409.0,481.0)= 5958 ( -1.0, -1.0)=   -5 ( -1.0, -1.0)=   -5 ( -1.0, -1.0)=   -5 ( -1.0, -1.0)=   -5 ( -1.0, -1.0)=   -5 
    104 | (859.0,243.0)= 5950 ( -1.0, -1.0)=   -5 ( -1.0, -1.0)=   -5 ( -1.0, -1.0)=   -5 ( -1.0, -1.0)=   -5 ( -1.0, -1.0)=   -5 
    105 | (796.0,422.0)= 5942 ( -1.0, -1.0)=   -5 ( -1.0, -1.0)=   -5 ( -1.0, -1.0)=   -5 ( -1.0, -1.0)=   -5 ( -1.0, -1.0)=   -5 
    106 | (407.0,536.0)= 5935 ( -1.0, -1.0)=   -5 ( -1.0, -1.0)=   -5 ( -1.0, -1.0)=   -5 ( -1.0, -1.0)=   -5 ( -1.0, -1.0)=   -5 
    107 | (962.0,372.0)= 5913 ( -1.0, -1.0)=   -5 ( -1.0, -1.0)=   -5 ( -1.0, -1.0)=   -5 ( -1.0, -1.0)=   -5 ( -1.0, -1.0)=   -5 
    108 | (403.0,414.0)= 5905 ( -1.0, -1.0)=   -5 ( -1.0, -1.0)=   -5 ( -1.0, -1.0)=   -5 ( -1.0, -1.0)=   -5 ( -1.0, -1.0)=   -5 
    109 | (329.0,340.0)= 5872 ( -1.0, -1.0)=   -5 ( -1.0, -1.0)=   -5 ( -1.0, -1.0)=   -5 ( -1.0, -1.0)=   -5 ( -1.0, -1.0)=   -5 
    110 | (312.0,353.0)= 5759 ( -1.0, -1.0)=   -5 ( -1.0, -1.0)=   -5 ( -1.0, -1.0)=   -5 ( -1.0, -1.0)=   -5 ( -1.0, -1.0)=   -5 
    111 | ( 90.0,501.0)= 5732 ( -1.0, -1.0)=   -5 ( -1.0, -1.0)=   -5 ( -1.0, -1.0)=   -5 ( -1.0, -1.0)=   -5 ( -1.0, -1.0)=   -5 
    112 | (855.0,193.0)= 5592 ( -1.0, -1.0)=   -5 ( -1.0, -1.0)=   -5 ( -1.0, -1.0)=   -5 ( -1.0, -1.0)=   -5 ( -1.0, -1.0)=   -5 
    113 | (330.0,351.0)= 5557 ( -1.0, -1.0)=   -5 ( -1.0, -1.0)=   -5 ( -1.0, -1.0)=   -5 ( -1.0, -1.0)=   -5 ( -1.0, -1.0)=   -5 
    114 | (317.0,499.0)= 5545 ( -1.0, -1.0)=   -5 ( -1.0, -1.0)=   -5 ( -1.0, -1.0)=   -5 ( -1.0, -1.0)=   -5 ( -1.0, -1.0)=   -5 
    115 | (757.0,272.0)= 5544 ( -1.0, -1.0)=   -5 ( -1.0, -1.0)=   -5 ( -1.0, -1.0)=   -5 ( -1.0, -1.0)=   -5 ( -1.0, -1.0)=   -5 
    116 | (446.0,472.0)= 5531 (471.7,446.4)=    0 (449.9,444.3)=    0 (448.4,434.9)=    0 (451.9,439.0)=    0 (448.7,437.4)=    0 
    117 | (607.0,401.0)= 5521 ( -1.0, -1.0)=   -5 ( -1.0, -1.0)=   -5 ( -1.0, -1.0)=   -5 ( -1.0, -1.0)=   -5 ( -1.0, -1.0)=   -5 
    118 | (768.0,361.0)= 5501 ( -1.0, -1.0)=   -5 ( -1.0, -1.0)=   -5 ( -1.0, -1.0)=   -5 ( -1.0, -1.0)=   -5 ( -1.0, -1.0)=   -5 
    119 | (901.0,380.0)= 5442 ( -1.0, -1.0)=   -5 ( -1.0, -1.0)=   -5 ( -1.0, -1.0)=   -5 ( -1.0, -1.0)=   -5 ( -1.0, -1.0)=   -5 
    120 | (466.0,409.0)= 5440 ( -1.0, -1.0)=   -5 ( -1.0, -1.0)=   -5 ( -1.0, -1.0)=   -5 ( -1.0, -1.0)=   -5 ( -1.0, -1.0)=   -5 
    121 | (599.0,248.0)= 5395 ( -1.0, -1.0)=   -5 ( -1.0, -1.0)=   -5 ( -1.0, -1.0)=   -5 ( -1.0, -1.0)=   -5 ( -1.0, -1.0)=   -5 
    122 | (699.0,654.0)= 5325 (727.8,628.8)=    0 (706.7,627.3)=    0 (707.5,617.6)=    0 (712.9,622.3)=    0 (711.2,621.3)=    0 
    123 | (234.0,459.0)= 5291 (257.6,434.6)=    0 (235.3,432.8)=    0 (232.7,424.8)=    0 (235.2,429.9)=    0 (230.1,428.6)=    0 
    124 | (479.0,438.0)= 5246 ( -1.0, -1.0)=   -5 ( -1.0, -1.0)=   -5 ( -1.0, -1.0)=   -5 ( -1.0, -1.0)=   -5 ( -1.0, -1.0)=   -5 
    125 | (505.0,319.0)= 5191 (530.9,291.6)=    0 (509.7,289.2)=    0 (508.4,278.4)=    0 (512.2,281.6)=    0 (510.1,279.0)=    0 
    126 | (276.0, 33.0)= 5153 ( -1.0, -1.0)=   -4 ( -1.0, -1.0)=   -4 ( -1.0, -1.0)=   -4 ( -1.0, -1.0)=   -4 ( -1.0, -1.0)=   -4 
    127 | (359.0,337.0)= 5153 ( -1.0, -1.0)=   -3 ( -1.0, -1.0)=   -3 ( -1.0, -1.0)=   -3 ( -1.0, -1.0)=   -3 ( -1.0, -1.0)=   -3 
    128 | (606.0,390.0)= 5109 ( -1.0, -1.0)=   -5 ( -1.0, -1.0)=   -5 ( -1.0, -1.0)=   -5 ( -1.0, -1.0)=   -5 ( -1.0, -1.0)=   -5 
    129 | (678.0,508.0)= 5085 (706.1,482.2)=    0 (684.9,480.4)=    0 (684.7,470.5)=    0 (689.1,474.2)=    0 (686.9,472.8)=    0 
    130 | (975.0,579.0)= 5054 ( -1.0, -1.0)=   -4 ( -1.0, -1.0)=   -4 ( -1.0, -1.0)=   -4 ( -1.0, -1.0)=   -4 ( -1.0, -1.0)=   -4 
    131 | (758.0,229.0)= 5022 ( -1.0, -1.0)=   -5 ( -1.0, -1.0)=   -5 ( -1.0, -1.0)=   -5 ( -1.0, -1.0)=   -5 ( -1.0, -1.0)=   -5 
    132 | (787.0,191.0)= 4900 ( -1.0, -1.0)=   -5 ( -1.0, -1.0)=   -5 ( -1.0, -1.0)=   -5 ( -1.0, -1.0)=   -5 ( -1.0, -1.0)=   -5 
    133 | (224.0, 83.0)= 4842 ( -1.0, -1.0)=   -3 ( -1.0, -1.0)=   -3 ( -1.0, -1.0)=   -3 ( -1.0, -1.0)=   -3 ( -1.0, -1.0)=   -3 
    134 | (845.0,454.0)= 4832 ( -1.0, -1.0)=   -5 ( -1.0, -1.0)=   -5 ( -1.0, -1.0)=   -5 ( -1.0, -1.0)=   -5 ( -1.0, -1.0)=   -5 
    135 | (887.0,549.0)= 4817 ( -1.0, -1.0)=   -5 ( -1.0, -1.0)=   -5 ( -1.0, -1.0)=   -5 ( -1.0, -1.0)=   -5 ( -1.0, -1.0)=   -5 
    136 | (864.0,391.0)= 4792 (893.9,363.5)=    0 (873.5,361.8)=    0 (874.0,350.7)=    0 (879.7,354.6)=    0 (878.2,352.9)=    0 
    137 | (829.0,481.0)= 4785 ( -1.0, -1.0)=   -5 ( -1.0, -1.0)=   -5 ( -1.0, -1.0)=   -5 ( -1.0, -1.0)=   -5 ( -1.0, -1.0)=   -5 
    138 | (602.0,214.0)= 4763 ( -1.0, -1.0)=   -5 ( -1.0, -1.0)=   -5 ( -1.0, -1.0)=   -5 ( -1.0, -1.0)=   -5 ( -1.0, -1.0)=   -5 
    139 | (767.0,315.0)= 4682 ( -1.0, -1.0)=   -5 ( -1.0, -1.0)=   -5 ( -1.0, -1.0)=   -5 ( -1.0, -1.0)=   -5 ( -1.0, -1.0)=   -5 
    140 | (966.0,278.0)= 4681 ( -1.0, -1.0)=   -5 ( -1.0, -1.0)=   -5 ( -1.0, -1.0)=   -5 ( -1.0, -1.0)=   -5 ( -1.0, -1.0)=   -5 
    141 | (744.0,374.0)= 4664 ( -1.0, -1.0)=   -5 ( -1.0, -1.0)=   -5 ( -1.0, -1.0)=   -5 ( -1.0, -1.0)=   -5 ( -1.0, -1.0)=   -5 
    142 | (835.0,532.0)= 4634 ( -1.0, -1.0)=   -5 ( -1.0, -1.0)=   -5 ( -1.0, -1.0)=   -5 ( -1.0, -1.0)=   -5 ( -1.0, -1.0)=   -5 
    143 | (888.0,561.0)= 4589 ( -1.0, -1.0)=   -5 ( -1.0, -1.0)=   -5 ( -1.0, -1.0)=   -5 ( -1.0, -1.0)=   -5 ( -1.0, -1.0)=   -5 
    144 | (373.0,477.0)= 4570 (398.3,452.0)=    0 (376.4,449.8)=    0 (374.8,441.0)=    0 (378.2,445.3)=    0 (374.9,444.8)=    0 
    145 | (885.0,421.0)= 4550 ( -1.0, -1.0)=   -5 ( -1.0, -1.0)=   -5 ( -1.0, -1.0)=   -5 ( -1.0, -1.0)=   -5 ( -1.0, -1.0)=   -5 
    146 | (834.0,465.0)= 4548 ( -1.0, -1.0)=   -5 ( -1.0, -1.0)=   -5 ( -1.0, -1.0)=   -5 ( -1.0, -1.0)=   -5 ( -1.0, -1.0)=   -5 
    147 | (762.0,282.0)= 4537 ( -1.0, -1.0)=   -5 ( -1.0, -1.0)=   -5 ( -1.0, -1.0)=   -5 ( -1.0, -1.0)=   -5 ( -1.0, -1.0)=   -5 
    148 | (879.0,497.0)= 4489 ( -1.0, -1.0)=   -5 ( -1.0, -1.0)=   -5 ( -1.0, -1.0)=   -5 ( -1.0, -1.0)=   -5 ( -1.0, -1.0)=   -5 
    149 | (957.0,510.0)= 4391 ( -1.0, -1.0)=   -4 ( -1.0, -1.0)=   -4 ( -1.0, -1.0)=   -4 ( -1.0, -1.0)=   -4 ( -1.0, -1.0)=   -4 
    150 | (629.0,376.0)= 4379 ( -1.0, -1.0)=   -5 ( -1.0, -1.0)=   -5 ( -1.0, -1.0)=   -5 ( -1.0, -1.0)=   -5 ( -1.0, -1.0)=   -5 
    151 | (863.0,482.0)= 4376 ( -1.0, -1.0)=   -5 ( -1.0, -1.0)=   -5 ( -1.0, -1.0)=   -5 ( -1.0, -1.0)=   -5 ( -1.0, -1.0)=   -5 
    152 | (833.0,426.0)= 4339 ( -1.0, -1.0)=   -5 ( -1.0, -1.0)=   -5 ( -1.0, -1.0)=   -5 ( -1.0, -1.0)=   -5 ( -1.0, -1.0)=   -5 
    153 | (592.0,326.0)= 4301 ( -1.0, -1.0)=   -5 ( -1.0, -1.0)=   -5 ( -1.0, -1.0)=   -5 ( -1.0, -1.0)=   -5 ( -1.0, -1.0)=   -5 
    154 | (115.0,518.0)= 4290 ( -1.0, -1.0)=   -5 ( -1.0, -1.0)=   -5 ( -1.0, -1.0)=   -5 ( -1.0, -1.0)=   -5 ( -1.0, -1.0)=   -5 
    155 | (890.0,366.0)= 4253 ( -1.0, -1.0)=   -5 ( -1.0, -1.0)=   -5 ( -1.0, -1.0)=   -5 ( -1.0, -1.0)=   -5 ( -1.0, -1.0)=   -5 
    156 | (553.0,526.0)= 4242 ( -1.0, -1.0)=   -5 ( -1.0, -1.0)=   -5 ( -1.0, -1.0)=   -5 ( -1.0, -1.0)=   -5 ( -1.0, -1.0)=   -5 
    157 | (657.0,353.0)= 4211 ( -1.0, -1.0)=   -5 ( -1.0, -1.0)=   -5 ( -1.0, -1.0)=   -5 ( -1.0, -1.0)=   -5 ( -1.0, -1.0)=   -5 
    158 | (802.0,373.0)= 4201 ( -1.0, -1.0)=   -5 ( -1.0, -1.0)=   -5 ( -1.0, -1.0)=   -5 ( -1.0, -1.0)=   -5 ( -1.0, -1.0)=   -5 
    159 | (585.0,254.0)= 4196 ( -1.0, -1.0)=   -5 ( -1.0, -1.0)=   -5 ( -1.0, -1.0)=   -5 ( -1.0, -1.0)=   -5 ( -1.0, -1.0)=   -5 
    160 | (333.0,384.0)= 4193 (356.7,358.2)=    0 (365.1,354.1)=    0 (362.4,344.5)=    0 (365.1,347.8)=    0 (361.0,345.6)=    0 
    161 | (813.0,423.0)= 4158 ( -1.0, -1.0)=   -5 ( -1.0, -1.0)=   -5 ( -1.0, -1.0)=   -5 ( -1.0, -1.0)=   -5 ( -1.0, -1.0)=   -5 
    162 | (403.0,390.0)= 4112 (428.4,364.0)=    0 (406.9,361.6)=    0 (405.6,352.1)=    0 (409.6,355.8)=    0 (406.7,353.9)=    0 
    163 | (891.0,447.0)= 4022 ( -1.0, -1.0)=   -5 ( -1.0, -1.0)=   -5 ( -1.0, -1.0)=   -5 ( -1.0, -1.0)=   -5 ( -1.0, -1.0)=   -5 
    164 | (617.0,403.0)= 3933 (644.4,376.5)=    0 (623.2,374.5)=    0 (622.7,364.4)=    0 (627.2,368.2)=    0 (624.9,366.5)=    0 
    165 | (399.0,489.0)= 3888 ( -1.0, -1.0)=   -5 ( -1.0, -1.0)=   -5 ( -1.0, -1.0)=   -5 ( -1.0, -1.0)=   -5 ( -1.0, -1.0)=   -5 
    166 | (607.0,330.0)= 3874 ( -1.0, -1.0)=   -5 ( -1.0, -1.0)=   -5 ( -1.0, -1.0)=   -5 ( -1.0, -1.0)=   -5 ( -1.0, -1.0)=   -5 
    167 | (768.0,212.0)= 3851 ( -1.0, -1.0)=   -5 ( -1.0, -1.0)=   -5 ( -1.0, -1.0)=   -5 ( -1.0, -1.0)=   -5 ( -1.0, -1.0)=   -5 
    168 | (424.0,284.0)= 3849 ( -1.0, -1.0)=   -5 ( -1.0, -1.0)=   -5 ( -1.0, -1.0)=   -5 ( -1.0, -1.0)=   -5 ( -1.0, -1.0)=   -5 
    169 | (384.0,542.0)= 3833 ( -1.0, -1.0)=   -5 ( -1.0, -1.0)=   -5 ( -1.0, -1.0)=   -5 ( -1.0, -1.0)=   -5 ( -1.0, -1.0)=   -5 
    170 | (578.0, 99.0)= 3821 ( -1.0, -1.0)=   -5 ( -1.0, -1.0)=   -5 ( -1.0, -1.0)=   -5 ( -1.0, -1.0)=   -5 ( -1.0, -1.0)=   -5 
    171 | ( 97.0,511.0)= 3815 ( -1.0, -1.0)=   -5 ( -1.0, -1.0)=   -5 ( -1.0, -1.0)=   -5 ( -1.0, -1.0)=   -5 ( -1.0, -1.0)=   -5 
    172 | (118.0,466.0)= 3804 ( -1.0, -1.0)=   -5 ( -1.0, -1.0)=   -5 ( -1.0, -1.0)=   -5 ( -1.0, -1.0)=   -5 ( -1.0, -1.0)=   -5 
    173 | (592.0,336.0)= 3779 ( -1.0, -1.0)=   -5 ( -1.0, -1.0)=   -5 ( -1.0, -1.0)=   -5 ( -1.0, -1.0)=   -5 ( -1.0, -1.0)=   -5 
    174 | (874.0,168.0)= 3762 (859.3,169.5)=    0 (838.9,167.1)=    0 (838.9,154.9)=    0 (845.1,156.0)=    0 (843.9,153.5)=    0 
    175 | (585.0,244.0)= 3759 ( -1.0, -1.0)=   -5 ( -1.0, -1.0)=   -5 ( -1.0, -1.0)=   -5 ( -1.0, -1.0)=   -5 ( -1.0, -1.0)=   -5 
    176 | (840.0,444.0)= 3758 (869.6,416.9)=    0 (849.1,415.1)=    0 (849.9,404.2)=    0 (855.6,407.8)=    0 (855.1,406.1)=    0 
    177 | (222.0,133.0)= 3746 ( -1.0, -1.0)=   -5 ( -1.0, -1.0)=   -5 ( -1.0, -1.0)=   -5 ( -1.0, -1.0)=   -5 ( -1.0, -1.0)=   -5 
    178 | (622.0,272.0)= 3738 (648.8,244.2)=    0 (652.4,226.4)=    0 (651.1,215.4)=    0 (654.6,218.3)=    0 (651.2,216.4)=    0 
    179 | ( 65.0,559.0)= 3709 ( -1.0, -1.0)=   -5 ( -1.0, -1.0)=   -5 ( -1.0, -1.0)=   -5 ( -1.0, -1.0)=   -5 ( -1.0, -1.0)=   -5 
    180 | (972.0,372.0)= 3700 ( -1.0, -1.0)=   -5 ( -1.0, -1.0)=   -5 ( -1.0, -1.0)=   -5 ( -1.0, -1.0)=   -5 ( -1.0, -1.0)=   -5 
    181 | (662.0,326.0)= 3693 ( -1.0, -1.0)=   -5 ( -1.0, -1.0)=   -5 ( -1.0, -1.0)=   -5 ( -1.0, -1.0)=   -5 ( -1.0, -1.0)=   -5 
    182 | (820.0,465.0)= 3683 ( -1.0, -1.0)=   -5 ( -1.0, -1.0)=   -5 ( -1.0, -1.0)=   -5 ( -1.0, -1.0)=   -5 ( -1.0, -1.0)=   -5 
    183 | (873.0,157.0)= 3652 (904.1,152.7)=    0 (884.2,150.0)=    0 (884.4,137.6)=    0 (889.8,139.9)=    0 (888.8,137.5)=    0 
    184 | (404.0,463.0)= 3645 ( -1.0, -1.0)=   -5 ( -1.0, -1.0)=   -5 ( -1.0, -1.0)=   -5 ( -1.0, -1.0)=   -5 ( -1.0, -1.0)=   -5 
    185 | (648.0,294.0)= 3579 ( -1.0, -1.0)=   -5 ( -1.0, -1.0)=   -5 ( -1.0, -1.0)=   -5 ( -1.0, -1.0)=   -5 ( -1.0, -1.0)=   -5 
    186 | (781.0,338.0)= 3571 ( -1.0, -1.0)=   -5 ( -1.0, -1.0)=   -5 ( -1.0, -1.0)=   -5 ( -1.0, -1.0)=   -5 ( -1.0, -1.0)=   -5 
    187 | (961.0,344.0)= 3564 ( -1.0, -1.0)=   -4 ( -1.0, -1.0)=   -4 ( -1.0, -1.0)=   -4 ( -1.0, -1.0)=   -4 ( -1.0, -1.0)=   -4 
    188 | (419.0,478.0)= 3544 ( -1.0, -1.0)=   -5 ( -1.0, -1.0)=   -5 ( -1.0, -1.0)=   -5 ( -1.0, -1.0)=   -5 ( -1.0, -1.0)=   -5 
    189 | (796.0,455.0)= 3539 (825.2,428.3)=    0 (804.5,426.7)=    0 (805.2,416.0)=    0 (810.8,419.5)=    0 (809.7,418.0)=    0 
    190 | (856.0,556.0)= 3534 (885.7,529.9)=    0 (865.1,528.3)=    0 (866.0,517.9)=    0 (871.5,522.1)=    0 (869.8,521.8)=    0 
    191 | (109.0,535.0)= 3527 (132.6,511.5)=    0 ( -1.0, -1.0)=   -3 ( -1.0, -1.0)=   -3 ( -1.0, -1.0)=   -3 ( -1.0, -1.0)=   -3 
    192 | (855.0,178.0)= 3524 (857.9,182.4)=    0 (838.1,179.5)=    0 (838.9,166.6)=    0 (845.2,168.2)=    0 (845.2,165.0)=    0 
    193 | (423.0,413.0)= 3506 ( -1.0, -1.0)=   -5 ( -1.0, -1.0)=   -5 ( -1.0, -1.0)=   -5 ( -1.0, -1.0)=   -5 ( -1.0, -1.0)=   -5 
    194 | (883.0,482.0)= 3496 (862.7,439.7)=    0 (842.1,437.9)=    0 (842.4,426.9)=    0 (847.2,430.6)=    0 (844.3,429.2)=    0 
    195 | (138.0,465.0)= 3464 ( -1.0, -1.0)=   -3 ( -1.0, -1.0)=   -3 ( -1.0, -1.0)=   -3 ( -1.0, -1.0)=   -3 ( -1.0, -1.0)=   -3 
    196 | (889.0,285.0)= 3460 (919.2,256.0)=    0 (899.3,253.8)=    0 (900.0,241.9)=    0 (905.9,244.7)=    0 (905.3,242.9)=    0 
    197 | (279.0,585.0)= 3431 ( -1.0, -1.0)=   -5 ( -1.0, -1.0)=   -5 ( -1.0, -1.0)=   -5 ( -1.0, -1.0)=   -5 ( -1.0, -1.0)=   -5 
    198 | (233.0, 42.0)= 3407 ( -1.0, -1.0)=   -4 ( -1.0, -1.0)=   -4 ( -1.0, -1.0)=   -4 ( -1.0, -1.0)=   -4 ( -1.0, -1.0)=   -4 
    199 | (543.0,509.0)= 3407 ( -1.0, -1.0)=   -5 ( -1.0, -1.0)=   -5 ( -1.0, -1.0)=   -5 ( -1.0, -1.0)=   -5 ( -1.0, -1.0)=   -5 
    200 | (278.0,519.0)= 3403 ( -1.0, -1.0)=   -5 ( -1.0, -1.0)=   -5 ( -1.0, -1.0)=   -5 ( -1.0, -1.0)=   -5 ( -1.0, -1.0)=   -5 
    201 | (110.0,545.0)= 3401 (133.5,521.4)=    0 ( -1.0, -1.0)=   -5 ( -1.0, -1.0)=   -5 ( -1.0, -1.0)=   -5 ( -1.0, -1.0)=   -5 
    202 | (362.0,502.0)= 3395 (387.1,476.8)=    0 (365.0,474.7)=    0 (363.2,465.5)=    0 (365.9,469.6)=    0 (362.5,468.0)=    0 
    203 | (603.0,293.0)= 3390 ( -1.0, -1.0)=   -5 ( -1.0, -1.0)=   -5 ( -1.0, -1.0)=   -5 ( -1.0, -1.0)=   -5 ( -1.0, -1.0)=   -5 
    204 | ( 79.0,507.0)= 3369 ( -1.0, -1.0)=   -5 ( -1.0, -1.0)=   -5 ( -1.0, -1.0)=   -5 ( -1.0, -1.0)=   -5 ( -1.0, -1.0)=   -5 
    205 | (798.0,638.0)= 3346 (827.0,612.4)=    0 (806.2,611.1)=    0 (806.7,601.3)=    0 (812.0,606.3)=    0 (809.9,606.0)=    0 
    206 | (245.0, 44.0)= 3298 ( -1.0, -1.0)=   -4 ( -1.0, -1.0)=   -4 ( -1.0, -1.0)=   -4 ( -1.0, -1.0)=   -4 ( -1.0, -1.0)=   -4 
    207 | (333.0,517.0)= 3268 ( -1.0, -1.0)=   -5 ( -1.0, -1.0)=   -5 ( -1.0, -1.0)=   -5 ( -1.0, -1.0)=   -5 ( -1.0, -1.0)=   -5 
    208 | (372.0, 53.0)= 3236 ( -1.0, -1.0)=   -5 ( -1.0, -1.0)=   -5 ( -1.0, -1.0)=   -5 ( -1.0, -1.0)=   -5 ( -1.0, -1.0)=   -5 
    209 | (484.0,482.0)= 3234 (510.2,456.4)=    0 (488.7,454.5)=    0 (487.9,444.9)=    0 (491.9,448.9)=    0 (489.1,447.0)=    0 
    210 | (848.0,582.0)= 3234 ( -1.0, -1.0)=   -5 ( -1.0, -1.0)=   -5 ( -1.0, -1.0)=   -5 ( -1.0, -1.0)=   -5 ( -1.0, -1.0)=   -5 
    211 | (873.0,254.0)= 3212 (902.8,224.9)=    0 (882.7,222.5)=    0 (883.2,210.8)=    0 (888.8,213.8)=    0 (888.2,211.1)=    0 
    212 | (618.0,383.0)= 3210 ( -1.0, -1.0)=   -5 ( -1.0, -1.0)=   -5 ( -1.0, -1.0)=   -5 ( -1.0, -1.0)=   -5 ( -1.0, -1.0)=   -5 
    213 | (975.0,385.0)= 3190 ( -1.0, -1.0)=   -5 ( -1.0, -1.0)=   -5 ( -1.0, -1.0)=   -5 ( -1.0, -1.0)=   -5 ( -1.0, -1.0)=   -5 
    214 | (603.0,411.0)= 3186 (630.2,384.4)=    0 ( -1.0, -1.0)=   -5 ( -1.0, -1.0)=   -5 ( -1.0, -1.0)=   -5 ( -1.0, -1.0)=   -5 
    215 | (553.0,501.0)= 3181 ( -1.0, -1.0)=   -5 ( -1.0, -1.0)=   -5 ( -1.0, -1.0)=   -5 ( -1.0, -1.0)=   -5 ( -1.0, -1.0)=   -5 
    216 | (406.0,376.0)= 3164 (431.2,349.7)=    0 (409.6,347.2)=    0 (408.0,337.1)=    0 (411.5,339.6)=    0 (408.4,335.7)=    0 
    217 | (232.0, 28.0)= 3145 ( -1.0, -1.0)=   -5 ( -1.0, -1.0)=   -5 ( -1.0, -1.0)=   -5 ( -1.0, -1.0)=   -5 ( -1.0, -1.0)=   -5 
    218 | (494.0,561.0)= 3140 ( -1.0, -1.0)=   -5 ( -1.0, -1.0)=   -5 ( -1.0, -1.0)=   -5 ( -1.0, -1.0)=   -5 ( -1.0, -1.0)=   -5 
    219 | (838.0,583.0)= 3138 (867.4,557.0)=    0 ( -1.0, -1.0)=   -3 ( -1.0, -1.0)=   -3 ( -1.0, -1.0)=   -3 ( -1.0, -1.0)=   -3 
    220 | (516.0,565.0)= 3136 ( -1.0, -1.0)=   -5 ( -1.0, -1.0)=   -5 ( -1.0, -1.0)=   -5 ( -1.0, -1.0)=   -5 ( -1.0, -1.0)=   -5 
    221 | (872.0,536.0)= 3119 ( -1.0, -1.0)=   -5 ( -1.0, -1.0)=   -5 ( -1.0, -1.0)=   -5 ( -1.0, -1.0)=   -5 ( -1.0, -1.0)=   -5 
    222 | (208.0,471.0)= 3109 (218.0,474.6)=    0 (195.7,472.4)=    0 (193.6,463.9)=    0 (196.3,468.1)=    0 (192.4,466.3)=    0 
    223 | (935.0,448.0)= 3091 ( -1.0, -1.0)=   -5 ( -1.0, -1.0)=   -5 ( -1.0, -1.0)=   -5 ( -1.0, -1.0)=   -5 ( -1.0, -1.0)=   -5 
    224 | (879.0,440.0)= 3081 ( -1.0, -1.0)=   -5 ( -1.0, -1.0)=   -5 ( -1.0, -1.0)=   -5 ( -1.0, -1.0)=   -5 ( -1.0, -1.0)=   -5 
    225 | (142.0,413.0)= 3078 ( -1.0, -1.0)=   -5 ( -1.0, -1.0)=   -5 ( -1.0, -1.0)=   -5 ( -1.0, -1.0)=   -5 ( -1.0, -1.0)=   -5 
    226 | (608.0,272.0)= 3078 ( -1.0, -1.0)=   -5 ( -1.0, -1.0)=   -5 ( -1.0, -1.0)=   -5 ( -1.0, -1.0)=   -5 ( -1.0, -1.0)=   -5 
    227 | (303.0,458.0)= 3060 ( -1.0, -1.0)=   -5 ( -1.0, -1.0)=   -5 ( -1.0, -1.0)=   -5 ( -1.0, -1.0)=   -5 ( -1.0, -1.0)=   -5 
    228 | (472.0,484.0)= 3041 (498.4,458.3)=    0 (476.7,456.4)=    0 (475.8,446.9)=    0 (479.7,451.0)=    0 (477.9,449.4)=    0 
    229 | (459.0,448.0)= 3030 ( -1.0, -1.0)=   -5 ( -1.0, -1.0)=   -5 ( -1.0, -1.0)=   -5 ( -1.0, -1.0)=   -5 ( -1.0, -1.0)=   -5 
    230 | (657.0,363.0)= 3023 ( -1.0, -1.0)=   -5 ( -1.0, -1.0)=   -5 ( -1.0, -1.0)=   -5 ( -1.0, -1.0)=   -5 ( -1.0, -1.0)=   -5 
    231 | (890.0,457.0)= 3012 ( -1.0, -1.0)=   -5 ( -1.0, -1.0)=   -5 ( -1.0, -1.0)=   -5 ( -1.0, -1.0)=   -5 ( -1.0, -1.0)=   -5 
    232 | (818.0,479.0)= 3011 ( -1.0, -1.0)=   -5 ( -1.0, -1.0)=   -5 ( -1.0, -1.0)=   -5 ( -1.0, -1.0)=   -5 ( -1.0, -1.0)=   -5 
    233 | ( 91.0,435.0)= 3008 ( -1.0, -1.0)=   -5 ( -1.0, -1.0)=   -5 ( -1.0, -1.0)=   -5 ( -1.0, -1.0)=   -5 ( -1.0, -1.0)=   -5 
    234 | (946.0,565.0)= 2993 ( -1.0, -1.0)=   -4 ( -1.0, -1.0)=   -4 ( -1.0, -1.0)=   -4 ( -1.0, -1.0)=   -4 ( -1.0, -1.0)=   -4 
    235 | ( 76.0,570.0)= 2945 ( -1.0, -1.0)=   -5 ( -1.0, -1.0)=   -5 ( -1.0, -1.0)=   -5 ( -1.0, -1.0)=   -5 ( -1.0, -1.0)=   -5 
    236 | ( 66.0,537.0)= 2937 ( -1.0, -1.0)=   -5 ( -1.0, -1.0)=   -5 ( -1.0, -1.0)=   -5 ( -1.0, -1.0)=   -5 ( -1.0, -1.0)=   -5 
    237 | (296.0,516.0)= 2914 ( -1.0, -1.0)=   -5 ( -1.0, -1.0)=   -5 ( -1.0, -1.0)=   -5 ( -1.0, -1.0)=   -5 ( -1.0, -1.0)=   -5 
    238 | (898.0,484.0)= 2906 (914.4,498.8)=    0 (893.9,497.3)=    0 (895.2,487.3)=    0 (901.5,491.2)=    0 (900.4,490.9)=    0 
    239 | (119.0,483.0)= 2894 ( -1.0, -1.0)=   -5 ( -1.0, -1.0)=   -5 ( -1.0, -1.0)=   -5 ( -1.0, -1.0)=   -5 ( -1.0, -1.0)=   -5 
    240 | (975.0,609.0)= 2879 ( -1.0, -1.0)=   -4 ( -1.0, -1.0)=   -4 ( -1.0, -1.0)=   -4 ( -1.0, -1.0)=   -4 ( -1.0, -1.0)=   -4 
    241 | (892.0,399.0)= 2850 ( -1.0, -1.0)=   -5 ( -1.0, -1.0)=   -5 ( -1.0, -1.0)=   -5 ( -1.0, -1.0)=   -5 ( -1.0, -1.0)=   -5 
    242 | (905.0,550.0)= 2840 ( -1.0, -1.0)=   -5 ( -1.0, -1.0)=   -5 ( -1.0, -1.0)=   -5 ( -1.0, -1.0)=   -5 ( -1.0, -1.0)=   -5 
    243 | (327.0,504.0)= 2814 ( -1.0, -1.0)=   -5 ( -1.0, -1.0)=   -5 ( -1.0, -1.0)=   -5 ( -1.0, -1.0)=   -5 ( -1.0, -1.0)=   -5 
    244 | (822.0,449.0)= 2807 ( -1.0, -1.0)=   -5 ( -1.0, -1.0)=   -5 ( -1.0, -1.0)=   -5 ( -1.0, -1.0)=   -5 ( -1.0, -1.0)=   -5 
    245 | (958.0,572.0)= 2774 ( -1.0, -1.0)=   -4 ( -1.0, -1.0)=   -4 ( -1.0, -1.0)=   -4 ( -1.0, -1.0)=   -4 ( -1.0, -1.0)=   -4 
    246 | (786.0,355.0)= 2732 (814.8,327.4)=    0 (794.1,325.4)=    0 (794.2,314.7)=    0 (799.4,317.8)=    0 (798.2,316.7)=    0 
    247 | (298.0,407.0)= 2728 (322.2,381.9)=    0 ( -1.0, -1.0)=   -5 ( -1.0, -1.0)=   -5 ( -1.0, -1.0)=   -5 ( -1.0, -1.0)=   -5 
    248 | (975.0,619.0)= 2725 ( -1.0, -1.0)=   -4 ( -1.0, -1.0)=   -4 ( -1.0, -1.0)=   -4 ( -1.0, -1.0)=   -4 ( -1.0, -1.0)=   -4 
    249 | (292.0,472.0)= 2693 ( -1.0, -1.0)=   -5 ( -1.0, -1.0)=   -5 ( -1.0, -1.0)=   -5 ( -1.0, -1.0)=   -5 ( -1.0, -1.0)=   -5 
    250 | (960.0,299.0)= 2690 ( -1.0, -1.0)=   -4 ( -1.0, -1.0)=   -4 ( -1.0, -1.0)=   -4 ( -1.0, -1.0)=   -4 ( -1.0, -1.0)=   -4 
    251 | (690.0,542.0)= 2688 ( -1.0, -1.0)=   -3 ( -1.0, -1.0)=   -3 ( -1.0, -1.0)=   -3 ( -1.0, -1.0)=   -3 ( -1.0, -1.0)=   -3 
    252 | (442.0,395.0)= 2686 (467.4,369.0)=    0 (445.7,367.0)=    0 (444.2,358.2)=    0 (447.4,362.6)=    0 (443.8,362.0)=    0 
    253 | (858.0,568.0)= 2680 (887.7,542.1)=    0 (884.4,546.6)=    0 (884.8,536.5)=    0 (890.3,540.4)=    0 (889.1,540.5)=    0 
    254 | (782.0,551.0)= 2676 ( -1.0, -1.0)=   -5 ( -1.0, -1.0)=   -5 ( -1.0, -1.0)=   -5 ( -1.0, -1.0)=   -5 ( -1.0, -1.0)=   -5 
    255 | (767.0,250.0)= 2674 ( -1.0, -1.0)=   -5 ( -1.0, -1.0)=   -5 ( -1.0, -1.0)=   -5 ( -1.0, -1.0)=   -5 ( -1.0, -1.0)=   -5 
    256 | (566.0,542.0)= 2673 ( -1.0, -1.0)=   -5 ( -1.0, -1.0)=   -5 ( -1.0, -1.0)=   -5 ( -1.0, -1.0)=   -5 ( -1.0, -1.0)=   -5 
    257 | (119.0,493.0)= 2670 (143.0,468.5)=    0 (120.9,466.1)=    0 (118.8,457.6)=    0 (121.6,461.6)=    0 (117.2,459.3)=    0 
    258 | (860.0,581.0)= 2649 ( -1.0, -1.0)=   -5 ( -1.0, -1.0)=   -5 ( -1.0, -1.0)=   -5 ( -1.0, -1.0)=   -5 ( -1.0, -1.0)=   -5 
    259 | ( 76.0,538.0)= 2624 ( -1.0, -1.0)=   -5 ( -1.0, -1.0)=   -5 ( -1.0, -1.0)=   -5 ( -1.0, -1.0)=   -5 ( -1.0, -1.0)=   -5 
    260 | (794.0,550.0)= 2617 ( -1.0, -1.0)=   -5 ( -1.0, -1.0)=   -5 ( -1.0, -1.0)=   -5 ( -1.0, -1.0)=   -5 ( -1.0, -1.0)=   -5 
    261 | (421.0,384.0)= 2608 (426.6,439.5)=    0 (404.9,437.3)=    0 (403.2,428.4)=    0 (406.2,432.8)=    0 (402.0,432.5)=    0 
    262 | (929.0,522.0)= 2601 ( -1.0, -1.0)=   -5 ( -1.0, -1.0)=   -5 ( -1.0, -1.0)=   -5 ( -1.0, -1.0)=   -5 ( -1.0, -1.0)=   -5 
    263 | (643.0,357.0)= 2582 ( -1.0, -1.0)=   -5 ( -1.0, -1.0)=   -5 ( -1.0, -1.0)=   -5 ( -1.0, -1.0)=   -5 ( -1.0, -1.0)=   -5 
    264 | (773.0,271.0)= 2574 ( -1.0, -1.0)=   -5 ( -1.0, -1.0)=   -5 ( -1.0, -1.0)=   -5 ( -1.0, -1.0)=   -5 ( -1.0, -1.0)=   -5 
    265 | (953.0,280.0)= 2567 ( -1.0, -1.0)=   -5 ( -1.0, -1.0)=   -5 ( -1.0, -1.0)=   -5 ( -1.0, -1.0)=   -5 ( -1.0, -1.0)=   -5 
    266 | (553.0,514.0)= 2561 ( -1.0, -1.0)=   -5 ( -1.0, -1.0)=   -5 ( -1.0, -1.0)=   -5 ( -1.0, -1.0)=   -5 ( -1.0, -1.0)=   -5 
    267 | (677.0,356.0)= 2548 (704.6,328.4)=    0 (711.1,333.8)=    0 (710.8,322.6)=    0 (715.4,326.0)=    0 (713.3,323.6)=    0 
    268 | (823.0,501.0)= 2533 ( -1.0, -1.0)=   -5 ( -1.0, -1.0)=   -5 ( -1.0, -1.0)=   -5 ( -1.0, -1.0)=   -5 ( -1.0, -1.0)=   -5 
    269 | (179.0, 24.0)= 2532 ( -1.0, -1.0)=   -5 ( -1.0, -1.0)=   -5 ( -1.0, -1.0)=   -5 ( -1.0, -1.0)=   -5 ( -1.0, -1.0)=   -5 
    270 | (950.0,525.0)= 2529 ( -1.0, -1.0)=   -5 ( -1.0, -1.0)=   -5 ( -1.0, -1.0)=   -5 ( -1.0, -1.0)=   -5 ( -1.0, -1.0)=   -5 
    271 | (863.0,277.0)= 2527 ( -1.0, -1.0)=   -3 ( -1.0, -1.0)=   -3 ( -1.0, -1.0)=   -3 ( -1.0, -1.0)=   -3 ( -1.0, -1.0)=   -3 
    272 | (657.0,434.0)= 2519 (684.8,407.4)=    0 (663.7,405.4)=    0 (663.4,395.1)=    0 (668.1,398.7)=    0 (666.3,397.7)=    0 
    273 | (240.0,222.0)= 2507 (262.4,194.8)=    0 (240.3,192.1)=    0 (237.0,182.4)=    0 (239.4,185.8)=    0 (235.7,183.2)=    0 
    274 | (884.0,257.0)= 2502 (913.7,227.7)=    0 (893.7,225.3)=    0 (894.0,212.9)=    0 (899.2,215.0)=    0 (898.0,212.6)=    0 
    275 | ( 99.0,524.0)= 2494 ( -1.0, -1.0)=   -5 ( -1.0, -1.0)=   -5 ( -1.0, -1.0)=   -5 ( -1.0, -1.0)=   -5 ( -1.0, -1.0)=   -5 
    276 | (814.0,180.0)= 2490 ( -1.0, -1.0)=   -5 ( -1.0, -1.0)=   -5 ( -1.0, -1.0)=   -5 ( -1.0, -1.0)=   -5 ( -1.0, -1.0)=   -5 
    277 | ( 65.0,571.0)= 2480 ( -1.0, -1.0)=   -4 ( -1.0, -1.0)=   -4 ( -1.0, -1.0)=   -4 ( -1.0, -1.0)=   -4 ( -1.0, -1.0)=   -4 
    278 | (219.0,496.0)= 2474 (242.4,470.9)=    0 ( -1.0, -1.0)=   -5 ( -1.0, -1.0)=   -5 ( -1.0, -1.0)=   -5 ( -1.0, -1.0)=   -5 
    279 | (699.0,288.0)= 2465 (699.6,262.9)=    0 (706.1,257.6)=    0 (705.4,246.7)=    0 (710.0,249.6)=    0 (707.6,248.0)=    0 
    280 | (434.0,415.0)= 2442 ( -1.0, -1.0)=   -5 ( -1.0, -1.0)=   -5 ( -1.0, -1.0)=   -5 ( -1.0, -1.0)=   -5 ( -1.0, -1.0)=   -5 
    281 | (845.0,194.0)= 2440 (862.2,191.6)=    0 (871.3,184.9)=    0 (871.6,173.0)=    0 (878.2,175.4)=    0 (876.8,173.1)=    0 
    282 | (638.0,327.0)= 2416 ( -1.0, -1.0)=   -5 ( -1.0, -1.0)=   -5 ( -1.0, -1.0)=   -5 ( -1.0, -1.0)=   -5 ( -1.0, -1.0)=   -5 
    283 | (421.0, 38.0)= 2414 ( -1.0, -1.0)=   -4 ( -1.0, -1.0)=   -4 ( -1.0, -1.0)=   -4 ( -1.0, -1.0)=   -4 ( -1.0, -1.0)=   -4 
    284 | (757.0,216.0)= 2412 ( -1.0, -1.0)=   -5 ( -1.0, -1.0)=   -5 ( -1.0, -1.0)=   -5 ( -1.0, -1.0)=   -5 ( -1.0, -1.0)=   -5 
    285 | (519.0,543.0)= 2404 ( -1.0, -1.0)=   -5 ( -1.0, -1.0)=   -5 ( -1.0, -1.0)=   -5 ( -1.0, -1.0)=   -5 ( -1.0, -1.0)=   -5 
    286 | (332.0,587.0)= 2402 (358.2,562.7)=    0 (336.5,560.6)=    0 (335.4,552.2)=    0 (339.3,556.7)=    0 (336.0,555.7)=    0 
    287 | (925.0,411.0)= 2391 ( -1.0, -1.0)=   -5 ( -1.0, -1.0)=   -5 ( -1.0, -1.0)=   -5 ( -1.0, -1.0)=   -5 ( -1.0, -1.0)=   -5 
    288 | (281.0,415.0)= 2391 (304.6,390.0)=    0 (282.3,387.8)=    0 (279.1,379.2)=    0 (281.4,383.5)=    0 (276.5,382.0)=    0 
    289 | ( 92.0,450.0)= 2382 ( -1.0, -1.0)=   -5 ( -1.0, -1.0)=   -5 ( -1.0, -1.0)=   -5 ( -1.0, -1.0)=   -5 ( -1.0, -1.0)=   -5 
    290 | (366.0,558.0)= 2381 ( -1.0, -1.0)=   -3 ( -1.0, -1.0)=   -3 ( -1.0, -1.0)=   -3 ( -1.0, -1.0)=   -3 ( -1.0, -1.0)=   -3 
    291 | (819.0,408.0)= 2376 ( -1.0, -1.0)=   -5 ( -1.0, -1.0)=   -5 ( -1.0, -1.0)=   -5 ( -1.0, -1.0)=   -5 ( -1.0, -1.0)=   -5 
    292 | (517.0,580.0)= 2371 ( -1.0, -1.0)=   -5 ( -1.0, -1.0)=   -5 ( -1.0, -1.0)=   -5 ( -1.0, -1.0)=   -5 ( -1.0, -1.0)=   -5 
    293 | (843.0,258.0)= 2364 (872.6,229.0)=    0 (852.3,226.7)=    0 (852.5,214.9)=    0 (857.6,217.3)=    0 (856.8,215.1)=    0 
    294 | (635.0,541.0)= 2358 ( -1.0, -1.0)=   -5 ( -1.0, -1.0)=   -5 ( -1.0, -1.0)=   -5 ( -1.0, -1.0)=   -5 ( -1.0, -1.0)=   -5 
    295 | (650.0,545.0)= 2358 ( -1.0, -1.0)=   -3 ( -1.0, -1.0)=   -3 ( -1.0, -1.0)=   -3 ( -1.0, -1.0)=   -3 ( -1.0, -1.0)=   -3 
    296 | (625.0,337.0)= 2357 (652.0,309.7)=    0 ( -1.0, -1.0)=   -3 ( -1.0, -1.0)=   -3 ( -1.0, -1.0)=   -3 ( -1.0, -1.0)=   -3 
    297 | (298.0,578.0)= 2356 ( -1.0, -1.0)=   -5 ( -1.0, -1.0)=   -5 ( -1.0, -1.0)=   -5 ( -1.0, -1.0)=   -5 ( -1.0, -1.0)=   -5 
    298 | (186.0, 72.0)= 2330 ( -1.0, -1.0)=   -5 ( -1.0, -1.0)=   -5 ( -1.0, -1.0)=   -5 ( -1.0, -1.0)=   -5 ( -1.0, -1.0)=   -5 
    299 | (897.0,539.0)= 2316 ( -1.0, -1.0)=   -5 ( -1.0, -1.0)=   -5 ( -1.0, -1.0)=   -5 ( -1.0, -1.0)=   -5 ( -1.0, -1.0)=   -5 
    300 | (839.0,273.0)= 2301 ( -1.0, -1.0)=   -5 ( -1.0, -1.0)=   -5 ( -1.0, -1.0)=   -5 ( -1.0, -1.0)=   -5 ( -1.0, -1.0)=   -5 
    301 | (601.0,511.0)= 2297 (628.5,485.3)=    0 (607.4,483.5)=    0 (607.0,473.6)=    0 (611.6,477.5)=    0 (608.9,476.6)=    0 
    302 | (138.0,423.0)= 2288 ( -1.0, -1.0)=   -5 ( -1.0, -1.0)=   -5 ( -1.0, -1.0)=   -5 ( -1.0, -1.0)=   -5 ( -1.0, -1.0)=   -5 
    303 | (219.0,467.0)= 2285 ( -1.0, -1.0)=   -5 ( -1.0, -1.0)=   -5 ( -1.0, -1.0)=   -5 ( -1.0, -1.0)=   -5 ( -1.0, -1.0)=   -5 
    304 | (646.0,269.0)= 2281 ( -1.0, -1.0)=   -3 ( -1.0, -1.0)=   -3 ( -1.0, -1.0)=   -3 ( -1.0, -1.0)=   -3 ( -1.0, -1.0)=   -3 
    305 | (360.0,514.0)= 2278 (385.2,489.4)=    0 (363.1,487.3)=    0 (361.1,479.0)=    0 (363.4,483.7)=    0 (359.6,483.4)=    0 
    306 | (112.0,451.0)= 2277 ( -1.0, -1.0)=   -5 ( -1.0, -1.0)=   -5 ( -1.0, -1.0)=   -5 ( -1.0, -1.0)=   -5 ( -1.0, -1.0)=   -5 
    307 | (925.0, 51.0)= 2264 ( -1.0, -1.0)=   -4 ( -1.0, -1.0)=   -4 ( -1.0, -1.0)=   -4 ( -1.0, -1.0)=   -4 ( -1.0, -1.0)=   -4 
    308 | (123.0,538.0)= 2260 (146.1,514.8)=    0 ( -1.0, -1.0)=   -3 ( -1.0, -1.0)=   -3 ( -1.0, -1.0)=   -3 ( -1.0, -1.0)=   -3 
    309 | ( 88.0,544.0)= 2251 ( -1.0, -1.0)=   -5 ( -1.0, -1.0)=   -5 ( -1.0, -1.0)=   -5 ( -1.0, -1.0)=   -5 ( -1.0, -1.0)=   -5 
    310 | (669.0,429.0)= 2245 (696.9,402.1)=    0 (675.8,400.1)=    0 (675.6,389.7)=    0 (680.2,393.2)=    0 (678.7,391.3)=    0 
    311 | (880.0,269.0)= 2242 (909.8,240.4)=    0 (889.7,238.3)=    0 (890.2,226.9)=    0 (895.7,229.9)=    0 (895.1,230.7)=    0 
    312 | (792.0,374.0)= 2237 ( -1.0, -1.0)=   -5 ( -1.0, -1.0)=   -5 ( -1.0, -1.0)=   -5 ( -1.0, -1.0)=   -5 ( -1.0, -1.0)=   -5 
    313 | (565.0,531.0)= 2230 (576.7,493.6)=    0 (555.0,491.4)=    0 (554.0,481.3)=    0 (557.9,484.3)=    0 (555.1,481.0)=    0 
    314 | (622.0,211.0)= 2217 (627.3,221.0)=    0 ( -1.0, -1.0)=   -5 ( -1.0, -1.0)=   -5 ( -1.0, -1.0)=   -5 ( -1.0, -1.0)=   -5 
    315 | (701.0,318.0)= 2210 ( -1.0, -1.0)=   -5 ( -1.0, -1.0)=   -5 ( -1.0, -1.0)=   -5 ( -1.0, -1.0)=   -5 ( -1.0, -1.0)=   -5 
    316 | (309.0,481.0)= 2190 ( -1.0, -1.0)=   -5 ( -1.0, -1.0)=   -5 ( -1.0, -1.0)=   -5 ( -1.0, -1.0)=   -5 ( -1.0, -1.0)=   -5 
    317 | (948.0, 71.0)= 2187 ( -1.0, -1.0)=   -5 ( -1.0, -1.0)=   -5 ( -1.0, -1.0)=   -5 ( -1.0, -1.0)=   -5 ( -1.0, -1.0)=   -5 
    318 | (662.0,477.0)= 2184 (690.0,450.8)=    0 (668.9,448.9)=    0 (668.7,438.8)=    0 (673.4,442.4)=    0 (671.7,440.7)=    0 
    319 | (234.0, 87.0)= 2174 ( -1.0, -1.0)=   -5 ( -1.0, -1.0)=   -5 ( -1.0, -1.0)=   -5 ( -1.0, -1.0)=   -5 ( -1.0, -1.0)=   -5 
    320 | (242.0, 28.0)= 2174 ( -1.0, -1.0)=   -4 ( -1.0, -1.0)=   -4 ( -1.0, -1.0)=   -4 ( -1.0, -1.0)=   -4 ( -1.0, -1.0)=   -4 
    321 | (671.0,259.0)= 2170 (673.5,236.7)=    0 (677.4,228.3)=    0 (676.8,217.3)=    0 (681.3,219.9)=    0 (679.1,217.8)=    0 
    322 | (767.0,240.0)= 2158 ( -1.0, -1.0)=   -5 ( -1.0, -1.0)=   -5 ( -1.0, -1.0)=   -5 ( -1.0, -1.0)=   -5 ( -1.0, -1.0)=   -5 
    323 | (849.0,245.0)= 2153 (877.9,215.4)=    0 ( -1.0, -1.0)=   -3 ( -1.0, -1.0)=   -3 ( -1.0, -1.0)=   -3 ( -1.0, -1.0)=   -3 
    324 | (787.0,563.0)= 2139 ( -1.0, -1.0)=   -5 ( -1.0, -1.0)=   -5 ( -1.0, -1.0)=   -5 ( -1.0, -1.0)=   -5 ( -1.0, -1.0)=   -5 
    325 | (348.0,441.0)= 2135 (373.1,415.9)=    0 (351.6,413.8)=    0 (350.1,405.0)=    0 (353.2,409.1)=    0 (349.4,407.7)=    0 
    326 | (609.0,251.0)= 2134 ( -1.0, -1.0)=   -5 ( -1.0, -1.0)=   -5 ( -1.0, -1.0)=   -5 ( -1.0, -1.0)=   -5 ( -1.0, -1.0)=   -5 
    327 | (362.0,588.0)= 2133 (387.6,563.1)=    0 (389.3,563.5)=    0 (388.3,555.0)=    0 (392.1,559.9)=    0 (389.0,559.1)=    0 
    328 | (935.0, 78.0)= 2133 ( -1.0, -1.0)=   -5 ( -1.0, -1.0)=   -5 ( -1.0, -1.0)=   -5 ( -1.0, -1.0)=   -5 ( -1.0, -1.0)=   -5 
    329 | (670.0,274.0)= 2131 ( -1.0, -1.0)=   -5 ( -1.0, -1.0)=   -5 ( -1.0, -1.0)=   -5 ( -1.0, -1.0)=   -5 ( -1.0, -1.0)=   -5 
    330 | ( 81.0,554.0)= 2110 ( -1.0, -1.0)=   -5 ( -1.0, -1.0)=   -5 ( -1.0, -1.0)=   -5 ( -1.0, -1.0)=   -5 ( -1.0, -1.0)=   -5 
    331 | (672.0,203.0)= 2109 ( -1.0, -1.0)=   -5 ( -1.0, -1.0)=   -5 ( -1.0, -1.0)=   -5 ( -1.0, -1.0)=   -5 ( -1.0, -1.0)=   -5 
    332 | (232.0,517.0)= 2106 (256.4,493.0)=    0 ( -1.0, -1.0)=   -5 ( -1.0, -1.0)=   -5 ( -1.0, -1.0)=   -5 ( -1.0, -1.0)=   -5 
    333 | (325.0,478.0)= 2105 ( -1.0, -1.0)=   -5 ( -1.0, -1.0)=   -5 ( -1.0, -1.0)=   -5 ( -1.0, -1.0)=   -5 ( -1.0, -1.0)=   -5 
    334 | (723.0,375.0)= 2092 (751.2,347.7)=    0 ( -1.0, -1.0)=   -3 ( -1.0, -1.0)=   -3 ( -1.0, -1.0)=   -3 ( -1.0, -1.0)=   -3 
    335 | ( 61.0,549.0)= 2091 ( -1.0, -1.0)=   -3 ( -1.0, -1.0)=   -3 ( -1.0, -1.0)=   -3 ( -1.0, -1.0)=   -3 ( -1.0, -1.0)=   -3 
    336 | (686.0,367.0)= 2080 (714.1,339.3)=    0 (693.1,337.3)=    0 (693.1,326.3)=    0 (697.7,329.5)=    0 (697.3,326.8)=    0 
    337 | (849.0,273.0)= 2078 ( -1.0, -1.0)=   -3 ( -1.0, -1.0)=   -3 ( -1.0, -1.0)=   -3 ( -1.0, -1.0)=   -3 ( -1.0, -1.0)=   -3 
    338 | (454.0, 28.0)= 2077 ( -1.0, -1.0)=   -5 ( -1.0, -1.0)=   -5 ( -1.0, -1.0)=   -5 ( -1.0, -1.0)=   -5 ( -1.0, -1.0)=   -5 
    339 | (641.0,392.0)= 2075 (668.5,365.3)=    0 (647.2,363.2)=    0 (646.6,352.9)=    0 (650.1,356.8)=    0 (648.7,357.5)=    0 
    340 | (281.0,529.0)= 2067 ( -1.0, -1.0)=   -5 ( -1.0, -1.0)=   -5 ( -1.0, -1.0)=   -5 ( -1.0, -1.0)=   -5 ( -1.0, -1.0)=   -5 
    341 | (888.0,356.0)= 2064 (918.1,327.6)=    0 (898.0,325.5)=    0 (898.7,314.0)=    0 (904.5,316.8)=    0 (904.0,313.9)=    0 
    342 | (185.0, 46.0)= 2059 ( -1.0, -1.0)=   -5 ( -1.0, -1.0)=   -5 ( -1.0, -1.0)=   -5 ( -1.0, -1.0)=   -5 ( -1.0, -1.0)=   -5 
    343 | (825.0,541.0)= 2052 ( -1.0, -1.0)=   -5 ( -1.0, -1.0)=   -5 ( -1.0, -1.0)=   -5 ( -1.0, -1.0)=   -5 ( -1.0, -1.0)=   -5 
    344 | (777.0,187.0)= 2036 ( -1.0, -1.0)=   -5 ( -1.0, -1.0)=   -5 ( -1.0, -1.0)=   -5 ( -1.0, -1.0)=   -5 ( -1.0, -1.0)=   -5 
    345 | (626.0,366.0)= 2030 (653.0,338.6)=    0 (631.9,336.3)=    0 (631.1,325.5)=    0 (635.5,328.7)=    0 (633.4,326.0)=    0 
    346 | (779.0,281.0)= 2025 ( -1.0, -1.0)=   -5 ( -1.0, -1.0)=   -5 ( -1.0, -1.0)=   -5 ( -1.0, -1.0)=   -5 ( -1.0, -1.0)=   -5 
    347 | (802.0,469.0)= 2014 (831.9,441.8)=    0 (811.2,440.0)=    0 (812.4,429.0)=    0 (817.8,432.8)=    0 (817.6,430.6)=    0 
    348 | (484.0,561.0)= 2003 ( -1.0, -1.0)=   -5 ( -1.0, -1.0)=   -5 ( -1.0, -1.0)=   -5 ( -1.0, -1.0)=   -5 ( -1.0, -1.0)=   -5 
    349 | (757.0,316.0)= 2002 (753.4,291.0)=    0 (764.7,285.3)=    0 (764.4,273.6)=    0 (769.3,276.0)=    0 (767.1,271.7)=    0 
    350 | (953.0, 56.0)= 1993 ( -1.0, -1.0)=   -3 ( -1.0, -1.0)=   -3 ( -1.0, -1.0)=   -3 ( -1.0, -1.0)=   -3 ( -1.0, -1.0)=   -3 
    351 | (629.0,393.0)= 1987 ( -1.0, -1.0)=   -5 ( -1.0, -1.0)=   -5 ( -1.0, -1.0)=   -5 ( -1.0, -1.0)=   -5 ( -1.0, -1.0)=   -5 
    352 | (598.0,152.0)= 1984 ( -1.0, -1.0)=   -5 ( -1.0, -1.0)=   -5 ( -1.0, -1.0)=   -5 ( -1.0, -1.0)=   -5 ( -1.0, -1.0)=   -5 
    353 | (211.0,486.0)= 1972 (234.7,461.5)=    0 (211.7,439.3)=    0 (209.6,430.5)=    0 (211.9,434.2)=    0 (208.7,432.7)=    0 
    354 | (686.0,135.0)= 1970 ( -1.0, -1.0)=   -5 ( -1.0, -1.0)=   -5 ( -1.0, -1.0)=   -5 ( -1.0, -1.0)=   -5 ( -1.0, -1.0)=   -5 
    355 | (623.0,149.0)= 1963 ( -1.0, -1.0)=   -5 ( -1.0, -1.0)=   -5 ( -1.0, -1.0)=   -5 ( -1.0, -1.0)=   -5 ( -1.0, -1.0)=   -5 
    356 | (818.0,167.0)= 1962 (847.2,137.6)=    0 (827.0,134.8)=    0 (826.9,122.6)=    0 (831.7,124.7)=    0 (830.3,122.7)=    0 
    357 | (960.0,383.0)= 1959 ( -1.0, -1.0)=   -4 ( -1.0, -1.0)=   -4 ( -1.0, -1.0)=   -4 ( -1.0, -1.0)=   -4 ( -1.0, -1.0)=   -4 
    358 | (713.0,364.0)= 1946 (731.8,337.4)=    0 (710.8,335.3)=    0 (710.4,324.5)=    0 (715.0,327.9)=    0 (712.8,325.7)=    0 
    359 | (874.0,183.0)= 1935 ( -1.0, -1.0)=   -5 ( -1.0, -1.0)=   -5 ( -1.0, -1.0)=   -5 ( -1.0, -1.0)=   -5 ( -1.0, -1.0)=   -5 
    360 | (293.0,558.0)= 1925 ( -1.0, -1.0)=   -5 ( -1.0, -1.0)=   -5 ( -1.0, -1.0)=   -5 ( -1.0, -1.0)=   -5 ( -1.0, -1.0)=   -5 
    361 | (238.0,390.0)= 1924 ( -1.0, -1.0)=   -5 ( -1.0, -1.0)=   -5 ( -1.0, -1.0)=   -5 ( -1.0, -1.0)=   -5 ( -1.0, -1.0)=   -5 
    362 | (697.0,258.0)= 1921 (699.5,262.5)=    0 (705.9,257.2)=    0 (705.2,246.2)=    0 (709.7,249.1)=    0 (707.3,247.4)=    0 
    363 | (756.0,242.0)= 1919 ( -1.0, -1.0)=   -5 ( -1.0, -1.0)=   -5 ( -1.0, -1.0)=   -5 ( -1.0, -1.0)=   -5 ( -1.0, -1.0)=   -5 
    364 | (391.0, 49.0)= 1917 ( -1.0, -1.0)=   -5 ( -1.0, -1.0)=   -5 ( -1.0, -1.0)=   -5 ( -1.0, -1.0)=   -5 ( -1.0, -1.0)=   -5 
    365 | (772.0,547.0)= 1909 ( -1.0, -1.0)=   -5 ( -1.0, -1.0)=   -5 ( -1.0, -1.0)=   -5 ( -1.0, -1.0)=   -5 ( -1.0, -1.0)=   -5 
    366 | (926.0, 65.0)= 1903 (956.3, 33.0)=    0 ( -1.0, -1.0)=   -5 ( -1.0, -1.0)=   -5 ( -1.0, -1.0)=   -5 ( -1.0, -1.0)=   -5 
    367 | (186.0, 61.0)= 1900 ( -1.0, -1.0)=   -5 ( -1.0, -1.0)=   -5 ( -1.0, -1.0)=   -5 ( -1.0, -1.0)=   -5 ( -1.0, -1.0)=   -5 
    368 | (697.0,270.0)= 1885 ( -1.0, -1.0)=   -5 ( -1.0, -1.0)=   -5 ( -1.0, -1.0)=   -5 ( -1.0, -1.0)=   -5 ( -1.0, -1.0)=   -5 
    369 | (357.0,578.0)= 1881 (382.7,553.8)=    0 (361.0,551.7)=    0 (359.9,543.3)=    0 (363.4,547.8)=    0 (359.5,546.9)=    0 
    370 | (777.0,240.0)= 1876 ( -1.0, -1.0)=   -5 ( -1.0, -1.0)=   -5 ( -1.0, -1.0)=   -5 ( -1.0, -1.0)=   -5 ( -1.0, -1.0)=   -5 
    371 | (844.0,559.0)= 1874 ( -1.0, -1.0)=   -5 ( -1.0, -1.0)=   -5 ( -1.0, -1.0)=   -5 ( -1.0, -1.0)=   -5 ( -1.0, -1.0)=   -5 
    372 | (777.0,480.0)= 1872 (805.8,453.5)=    0 (785.1,451.6)=    0 (785.4,441.1)=    0 (791.0,445.0)=    0 (789.4,444.2)=    0 
    373 | (883.0,306.0)= 1869 ( -1.0, -1.0)=   -5 ( -1.0, -1.0)=   -5 ( -1.0, -1.0)=   -5 ( -1.0, -1.0)=   -5 ( -1.0, -1.0)=   -5 
    374 | (625.0,246.0)= 1865 ( -1.0, -1.0)=   -5 ( -1.0, -1.0)=   -5 ( -1.0, -1.0)=   -5 ( -1.0, -1.0)=   -5 ( -1.0, -1.0)=   -5 
    375 | (801.0,314.0)= 1864 (830.0,285.6)=    0 (836.8,248.6)=    0 (837.5,238.0)=    0 (842.2,240.3)=    0 (841.5,237.0)=    0 
    376 | (758.0,206.0)= 1861 ( -1.0, -1.0)=   -5 ( -1.0, -1.0)=   -5 ( -1.0, -1.0)=   -5 ( -1.0, -1.0)=   -5 ( -1.0, -1.0)=   -5 
    377 | (808.0,479.0)= 1856 (837.3,452.2)=    0 (816.7,450.3)=    0 (817.1,439.7)=    0 (822.2,443.4)=    0 ( -1.0, -1.0)=   -3 
    378 | (456.0,571.0)= 1844 ( -1.0, -1.0)=   -5 ( -1.0, -1.0)=   -5 ( -1.0, -1.0)=   -5 ( -1.0, -1.0)=   -5 ( -1.0, -1.0)=   -5 
    379 | (420.0,451.0)= 1832 ( -1.0, -1.0)=   -5 ( -1.0, -1.0)=   -5 ( -1.0, -1.0)=   -5 ( -1.0, -1.0)=   -5 ( -1.0, -1.0)=   -5 
    380 | (248.0,471.0)= 1832 (272.3,446.1)=    0 (250.3,443.7)=    0 (248.1,435.1)=    0 (251.0,439.3)=    0 (246.3,438.0)=    0 
    381 | (495.0,583.0)= 1827 ( -1.0, -1.0)=   -5 ( -1.0, -1.0)=   -5 ( -1.0, -1.0)=   -5 ( -1.0, -1.0)=   -5 ( -1.0, -1.0)=   -5 
    382 | (777.0,257.0)= 1820 ( -1.0, -1.0)=   -5 ( -1.0, -1.0)=   -5 ( -1.0, -1.0)=   -5 ( -1.0, -1.0)=   -5 ( -1.0, -1.0)=   -5 
    383 | (755.0,121.0)= 1809 ( -1.0, -1.0)=   -5 ( -1.0, -1.0)=   -5 ( -1.0, -1.0)=   -5 ( -1.0, -1.0)=   -5 ( -1.0, -1.0)=   -5 
    384 | (407.0,424.0)= 1807 ( -1.0, -1.0)=   -5 ( -1.0, -1.0)=   -5 ( -1.0, -1.0)=   -5 ( -1.0, -1.0)=   -5 ( -1.0, -1.0)=   -5 
    385 | (229.0, 67.0)= 1804 ( -1.0, -1.0)=   -5 ( -1.0, -1.0)=   -5 ( -1.0, -1.0)=   -5 ( -1.0, -1.0)=   -5 ( -1.0, -1.0)=   -5 
    386 | (524.0,553.0)= 1804 ( -1.0, -1.0)=   -5 ( -1.0, -1.0)=   -5 ( -1.0, -1.0)=   -5 ( -1.0, -1.0)=   -5 ( -1.0, -1.0)=   -5 
    387 | (413.0,509.0)= 1797 ( -1.0, -1.0)=   -5 ( -1.0, -1.0)=   -5 ( -1.0, -1.0)=   -5 ( -1.0, -1.0)=   -5 ( -1.0, -1.0)=   -5 
    388 | (544.0,304.0)= 1796 ( -1.0, -1.0)=   -5 ( -1.0, -1.0)=   -5 ( -1.0, -1.0)=   -5 ( -1.0, -1.0)=   -5 ( -1.0, -1.0)=   -5 
    389 | (286.0, 24.0)= 1792 ( -1.0, -1.0)=   -5 ( -1.0, -1.0)=   -5 ( -1.0, -1.0)=   -5 ( -1.0, -1.0)=   -5 ( -1.0, -1.0)=   -5 
    390 | (473.0,601.0)= 1792 ( -1.0, -1.0)=   -5 ( -1.0, -1.0)=   -5 ( -1.0, -1.0)=   -5 ( -1.0, -1.0)=   -5 ( -1.0, -1.0)=   -5 
    391 | (190.0,129.0)= 1792 ( -1.0, -1.0)=   -5 ( -1.0, -1.0)=   -5 ( -1.0, -1.0)=   -5 ( -1.0, -1.0)=   -5 ( -1.0, -1.0)=   -5 
    392 | (672.0,291.0)= 1772 ( -1.0, -1.0)=   -3 ( -1.0, -1.0)=   -3 ( -1.0, -1.0)=   -3 ( -1.0, -1.0)=   -3 ( -1.0, -1.0)=   -3 
    393 | (120.0,561.0)= 1764 (143.0,537.5)=    0 ( -1.0, -1.0)=   -3 ( -1.0, -1.0)=   -3 ( -1.0, -1.0)=   -3 ( -1.0, -1.0)=   -3 
    394 | (107.0,476.0)= 1755 ( -1.0, -1.0)=   -5 ( -1.0, -1.0)=   -5 ( -1.0, -1.0)=   -5 ( -1.0, -1.0)=   -5 ( -1.0, -1.0)=   -5 
    395 | (808.0,497.0)= 1755 (837.4,470.6)=    0 (816.6,468.7)=    0 (817.2,458.4)=    0 (822.9,462.4)=    0 (821.3,462.2)=    0 
    396 | ( 71.0,548.0)= 1754 ( -1.0, -1.0)=   -5 ( -1.0, -1.0)=   -5 ( -1.0, -1.0)=   -5 ( -1.0, -1.0)=   -5 ( -1.0, -1.0)=   -5 
    397 | (825.0,587.0)= 1753 ( -1.0, -1.0)=   -5 ( -1.0, -1.0)=   -5 ( -1.0, -1.0)=   -5 ( -1.0, -1.0)=   -5 ( -1.0, -1.0)=   -5 
    398 | (281.0,447.0)= 1747 ( -1.0, -1.0)=   -5 ( -1.0, -1.0)=   -5 ( -1.0, -1.0)=   -5 ( -1.0, -1.0)=   -5 ( -1.0, -1.0)=   -5 
    399 | (302.0,446.0)= 1746 ( -1.0, -1.0)=   -5 ( -1.0, -1.0)=   -5 ( -1.0, -1.0)=   -5 ( -1.0, -1.0)=   -5 ( -1.0, -1.0)=   -5 
    400 | (703.0,364.0)= 1742 ( -1.0, -1.0)=   -5 ( -1.0, -1.0)=   -5 ( -1.0, -1.0)=   -5 ( -1.0, -1.0)=   -5 ( -1.0, -1.0)=   -5 
    401 | (272.0,429.0)= 1742 ( -1.0, -1.0)=   -5 ( -1.0, -1.0)=   -5 ( -1.0, -1.0)=   -5 ( -1.0, -1.0)=   -5 ( -1.0, -1.0)=   -5 
    402 | (685.0,279.0)= 1728 ( -1.0, -1.0)=   -3 ( -1.0, -1.0)=   -3 ( -1.0, -1.0)=   -3 ( -1.0, -1.0)=   -3 ( -1.0, -1.0)=   -3 
    403 | (119.0,142.0)= 1723 ( -1.0, -1.0)=   -5 ( -1.0, -1.0)=   -5 ( -1.0, -1.0)=   -5 ( -1.0, -1.0)=   -5 ( -1.0, -1.0)=   -5 
    404 | (133.0, 31.0)= 1721 (146.1, 39.7)=    0 (123.6, 36.5)=    0 (118.7, 26.0)=    0 (121.6, 30.1)=    0 (116.5, 25.4)=    0 
    405 | (895.0,428.0)= 1716 ( -1.0, -1.0)=   -5 ( -1.0, -1.0)=   -5 ( -1.0, -1.0)=   -5 ( -1.0, -1.0)=   -5 ( -1.0, -1.0)=   -5 
    406 | (386.0,415.0)= 1713 ( -1.0, -1.0)=   -5 ( -1.0, -1.0)=   -5 ( -1.0, -1.0)=   -5 ( -1.0, -1.0)=   -5 ( -1.0, -1.0)=   -5 
    407 | (543.0,639.0)= 1708 (570.7,614.3)=    0 (549.6,612.6)=    0 (549.9,603.4)=    0 (554.7,607.7)=    0 (552.1,607.3)=    0 
    408 | (835.0,221.0)= 1701 (864.4,191.9)=    0 (873.6,185.3)=    0 (874.2,173.4)=    0 (880.2,175.9)=    0 (878.4,173.9)=    0 
    409 | (581.0,512.0)= 1698 (608.4,486.5)=    0 (587.1,484.5)=    0 (586.6,474.9)=    0 (591.2,479.1)=    0 (588.9,478.6)=    0 
    410 | (202.0, 42.0)= 1698 ( -1.0, -1.0)=   -4 ( -1.0, -1.0)=   -4 ( -1.0, -1.0)=   -4 ( -1.0, -1.0)=   -4 ( -1.0, -1.0)=   -4 
    411 | (164.0, 24.0)= 1692 ( -1.0, -1.0)=   -4 ( -1.0, -1.0)=   -4 ( -1.0, -1.0)=   -4 ( -1.0, -1.0)=   -4 ( -1.0, -1.0)=   -4 
    412 | (810.0,277.0)= 1683 (838.8,248.5)=    0 (847.5,242.4)=    0 (847.4,230.8)=    0 (852.5,233.4)=    0 (850.7,231.9)=    0 
    413 | (840.0,481.0)= 1683 ( -1.0, -1.0)=   -5 ( -1.0, -1.0)=   -5 ( -1.0, -1.0)=   -5 ( -1.0, -1.0)=   -5 ( -1.0, -1.0)=   -5 
    414 | (807.0,455.0)= 1682 (836.6,428.4)=    0 (845.2,433.3)=    0 (845.5,421.9)=    0 (850.7,425.2)=    0 (848.9,423.3)=    0 
    415 | (278.0,224.0)= 1676 ( -1.0, -1.0)=   -5 ( -1.0, -1.0)=   -5 ( -1.0, -1.0)=   -5 ( -1.0, -1.0)=   -5 ( -1.0, -1.0)=   -5 
    416 | (834.0,495.0)= 1676 ( -1.0, -1.0)=   -5 ( -1.0, -1.0)=   -5 ( -1.0, -1.0)=   -5 ( -1.0, -1.0)=   -5 ( -1.0, -1.0)=   -5 
    417 | (201.0, 28.0)= 1670 ( -1.0, -1.0)=   -4 ( -1.0, -1.0)=   -4 ( -1.0, -1.0)=   -4 ( -1.0, -1.0)=   -4 ( -1.0, -1.0)=   -4 
    418 | (626.0,492.0)= 1666 (653.6,466.0)=    0 (632.3,464.3)=    0 (631.9,454.3)=    0 (636.8,458.2)=    0 (632.8,457.6)=    0 
    419 | (376.0,560.0)= 1665 (402.0,535.6)=    0 (380.2,533.8)=    0 (379.2,525.2)=    0 (382.9,529.7)=    0 (380.2,529.3)=    0 
    420 | (850.0,161.0)= 1662 (851.6,159.3)=    0 ( -1.0, -1.0)=   -3 ( -1.0, -1.0)=   -3 ( -1.0, -1.0)=   -3 ( -1.0, -1.0)=   -3 
    421 | (127.0, 84.0)= 1658 ( -1.0, -1.0)=   -5 ( -1.0, -1.0)=   -5 ( -1.0, -1.0)=   -5 ( -1.0, -1.0)=   -5 ( -1.0, -1.0)=   -5 
    422 | (135.0, 47.0)= 1654 ( -1.0, -1.0)=   -5 ( -1.0, -1.0)=   -5 ( -1.0, -1.0)=   -5 ( -1.0, -1.0)=   -5 ( -1.0, -1.0)=   -5 
    423 | (802.0,383.0)= 1653 ( -1.0, -1.0)=   -5 ( -1.0, -1.0)=   -5 ( -1.0, -1.0)=   -5 ( -1.0, -1.0)=   -5 ( -1.0, -1.0)=   -5 
    424 | (677.0,419.0)= 1633 ( -1.0, -1.0)=   -5 ( -1.0, -1.0)=   -5 ( -1.0, -1.0)=   -5 ( -1.0, -1.0)=   -5 ( -1.0, -1.0)=   -5 
    425 | (624.0,199.0)= 1629 ( -1.0, -1.0)=   -5 ( -1.0, -1.0)=   -5 ( -1.0, -1.0)=   -5 ( -1.0, -1.0)=   -5 ( -1.0, -1.0)=   -5 
    426 | (367.0,577.0)= 1628 (392.9,552.6)=    0 (370.8,550.5)=    0 (369.6,542.0)=    0 (373.2,546.7)=    0 (369.7,546.2)=    0 
    427 | (975.0,495.0)= 1595 ( -1.0, -1.0)=   -5 ( -1.0, -1.0)=   -5 ( -1.0, -1.0)=   -5 ( -1.0, -1.0)=   -5 ( -1.0, -1.0)=   -5 
    428 | (168.0, 77.0)= 1595 ( -1.0, -1.0)=   -3 ( -1.0, -1.0)=   -3 ( -1.0, -1.0)=   -3 ( -1.0, -1.0)=   -3 ( -1.0, -1.0)=   -3 
    429 | (889.0,377.0)= 1595 (918.7,349.1)=    0 (898.4,347.2)=    0 (898.7,335.7)=    0 (904.5,338.7)=    0 (902.8,336.1)=    0 
    430 | (667.0,356.0)= 1595 ( -1.0, -1.0)=   -5 ( -1.0, -1.0)=   -5 ( -1.0, -1.0)=   -5 ( -1.0, -1.0)=   -5 ( -1.0, -1.0)=   -5 
    431 | (600.0,203.0)= 1591 ( -1.0, -1.0)=   -5 ( -1.0, -1.0)=   -5 ( -1.0, -1.0)=   -5 ( -1.0, -1.0)=   -5 ( -1.0, -1.0)=   -5 
    432 | (918.0, 93.0)= 1586 ( -1.0, -1.0)=   -5 ( -1.0, -1.0)=   -5 ( -1.0, -1.0)=   -5 ( -1.0, -1.0)=   -5 ( -1.0, -1.0)=   -5 
    433 | (790.0,280.0)= 1584 (822.7,289.8)=    0 (802.3,287.8)=    0 (802.7,277.0)=    0 (807.9,280.4)=    0 ( -1.0, -1.0)=   -3 
    434 | (138.0,433.0)= 1579 (161.1,408.5)=    0 (205.9,405.9)=    0 (203.6,397.2)=    0 (206.1,401.0)=    0 (202.1,397.6)=    0 
    435 | (247.0,507.0)= 1577 ( -1.0, -1.0)=   -5 ( -1.0, -1.0)=   -5 ( -1.0, -1.0)=   -5 ( -1.0, -1.0)=   -5 ( -1.0, -1.0)=   -5 
    436 | (832.0,106.0)= 1576 ( -1.0, -1.0)=   -3 ( -1.0, -1.0)=   -3 ( -1.0, -1.0)=   -3 ( -1.0, -1.0)=   -3 ( -1.0, -1.0)=   -3 
    437 | (203.0, 54.0)= 1567 ( -1.0, -1.0)=   -3 ( -1.0, -1.0)=   -3 ( -1.0, -1.0)=   -3 ( -1.0, -1.0)=   -3 ( -1.0, -1.0)=   -3 
    438 | (123.0, 38.0)= 1566 (145.5, 40.2)=    0 (122.8, 37.0)=    0 (117.8, 26.5)=    0 (119.9, 30.2)=    0 (116.6, 26.0)=    0 
    439 | (685.0,247.0)= 1560 ( -1.0, -1.0)=   -5 ( -1.0, -1.0)=   -5 ( -1.0, -1.0)=   -5 ( -1.0, -1.0)=   -5 ( -1.0, -1.0)=   -5 
    440 | (928.0,462.0)= 1560 ( -1.0, -1.0)=   -5 ( -1.0, -1.0)=   -5 ( -1.0, -1.0)=   -5 ( -1.0, -1.0)=   -5 ( -1.0, -1.0)=   -5 
    441 | (943.0,536.0)= 1559 (971.6,516.5)=    0 (952.4,507.8)=    0 (952.9,496.7)=    0 (958.6,500.5)=    0 (957.2,500.2)=    0 
    442 | (420.0,530.0)= 1558 ( -1.0, -1.0)=   -3 ( -1.0, -1.0)=   -3 ( -1.0, -1.0)=   -3 ( -1.0, -1.0)=   -3 ( -1.0, -1.0)=   -3 
    443 | (114.0, 76.0)= 1556 (134.0, 47.1)=    0 (111.5, 43.6)=    0 (107.0, 33.0)=    0 (110.1, 37.0)=    0 ( -1.0, -1.0)=   -3 
    444 | (170.0,113.0)= 1554 ( -1.0, -1.0)=   -5 ( -1.0, -1.0)=   -5 ( -1.0, -1.0)=   -5 ( -1.0, -1.0)=   -5 ( -1.0, -1.0)=   -5 
    445 | (438.0,482.0)= 1547 ( -1.0, -1.0)=   -5 ( -1.0, -1.0)=   -5 ( -1.0, -1.0)=   -5 ( -1.0, -1.0)=   -5 ( -1.0, -1.0)=   -5 
    446 | (101.0,556.0)= 1544 ( -1.0, -1.0)=   -5 ( -1.0, -1.0)=   -5 ( -1.0, -1.0)=   -5 ( -1.0, -1.0)=   -5 ( -1.0, -1.0)=   -5 
    447 | (883.0,533.0)= 1536 (880.9,510.2)=    0 (892.3,504.9)=    0 (893.1,494.2)=    0 (899.1,498.1)=    0 (897.6,497.0)=    0 
    448 | (653.0,206.0)= 1535 ( -1.0, -1.0)=   -3 ( -1.0, -1.0)=   -3 ( -1.0, -1.0)=   -3 ( -1.0, -1.0)=   -3 ( -1.0, -1.0)=   -3 
    449 | (452.0,491.0)= 1534 (478.0,465.5)=    0 (456.5,463.3)=    0 (455.4,453.8)=    0 (459.2,458.2)=    0 (456.9,456.2)=    0 
    450 | (509.0,551.0)= 1523 ( -1.0, -1.0)=   -5 ( -1.0, -1.0)=   -5 ( -1.0, -1.0)=   -5 ( -1.0, -1.0)=   -5 ( -1.0, -1.0)=   -5 
    451 | (201.0,490.0)= 1523 ( -1.0, -1.0)=   -5 ( -1.0, -1.0)=   -5 ( -1.0, -1.0)=   -5 ( -1.0, -1.0)=   -5 ( -1.0, -1.0)=   -5 
    452 | (703.0,186.0)= 1511 ( -1.0, -1.0)=   -5 ( -1.0, -1.0)=   -5 ( -1.0, -1.0)=   -5 ( -1.0, -1.0)=   -5 ( -1.0, -1.0)=   -5 
    453 | ( 99.0,460.0)= 1495 (121.6,436.6)=    0 ( -1.0, -1.0)=   -5 ( -1.0, -1.0)=   -5 ( -1.0, -1.0)=   -5 ( -1.0, -1.0)=   -5 
    454 | (587.0,203.0)= 1485 ( -1.0, -1.0)=   -5 ( -1.0, -1.0)=   -5 ( -1.0, -1.0)=   -5 ( -1.0, -1.0)=   -5 ( -1.0, -1.0)=   -5 
    455 | (932.0,369.0)= 1484 (962.5,340.8)=    0 (942.2,338.8)=    0 (942.7,327.2)=    0 (948.0,330.6)=    0 (945.9,329.3)=    0 
    456 | (662.0,292.0)= 1483 ( -1.0, -1.0)=   -5 ( -1.0, -1.0)=   -5 ( -1.0, -1.0)=   -5 ( -1.0, -1.0)=   -5 ( -1.0, -1.0)=   -5 
    457 | (491.0,453.0)= 1477 ( -1.0, -1.0)=   -5 ( -1.0, -1.0)=   -5 ( -1.0, -1.0)=   -5 ( -1.0, -1.0)=   -5 ( -1.0, -1.0)=   -5 
    458 | (574.0,552.0)= 1473 ( -1.0, -1.0)=   -5 ( -1.0, -1.0)=   -5 ( -1.0, -1.0)=   -5 ( -1.0, -1.0)=   -5 ( -1.0, -1.0)=   -5 
    459 | ( 81.0,580.0)= 1465 ( -1.0, -1.0)=   -5 ( -1.0, -1.0)=   -5 ( -1.0, -1.0)=   -5 ( -1.0, -1.0)=   -5 ( -1.0, -1.0)=   -5 
    460 | (608.0,366.0)= 1462 (635.2,338.7)=    0 (613.9,336.7)=    0 (613.2,326.4)=    0 (617.5,330.8)=    0 (615.1,328.9)=    0 
    461 | (786.0,219.0)= 1457 ( -1.0, -1.0)=   -5 ( -1.0, -1.0)=   -5 ( -1.0, -1.0)=   -5 ( -1.0, -1.0)=   -5 ( -1.0, -1.0)=   -5 
    462 | (151.0, 84.0)= 1457 (170.0, 55.2)=    0 (146.8, 51.9)=    0 (139.6, 41.9)=    0 (140.4, 44.8)=    0 (135.2, 40.8)=    0 
    463 | (777.0,315.0)= 1456 ( -1.0, -1.0)=   -5 ( -1.0, -1.0)=   -5 ( -1.0, -1.0)=   -5 ( -1.0, -1.0)=   -5 ( -1.0, -1.0)=   -5 
    464 | (846.0,210.0)= 1455 ( -1.0, -1.0)=   -5 ( -1.0, -1.0)=   -5 ( -1.0, -1.0)=   -5 ( -1.0, -1.0)=   -5 ( -1.0, -1.0)=   -5 
    465 | (475.0,591.0)= 1453 ( -1.0, -1.0)=   -5 ( -1.0, -1.0)=   -5 ( -1.0, -1.0)=   -5 ( -1.0, -1.0)=   -5 ( -1.0, -1.0)=   -5 
    466 | (787.0,246.0)= 1442 (816.2,217.3)=    0 (795.6,214.7)=    0 (795.7,203.2)=    0 (800.3,206.2)=    0 (799.2,205.2)=    0 
    467 | (255.0,496.0)= 1427 ( -1.0, -1.0)=   -5 ( -1.0, -1.0)=   -5 ( -1.0, -1.0)=   -5 ( -1.0, -1.0)=   -5 ( -1.0, -1.0)=   -5 
    468 | (348.0,366.0)= 1426 ( -1.0, -1.0)=   -5 ( -1.0, -1.0)=   -5 ( -1.0, -1.0)=   -5 ( -1.0, -1.0)=   -5 ( -1.0, -1.0)=   -5 
    469 | (866.0,401.0)= 1426 ( -1.0, -1.0)=   -3 ( -1.0, -1.0)=   -3 ( -1.0, -1.0)=   -3 ( -1.0, -1.0)=   -3 ( -1.0, -1.0)=   -3 
    470 | (622.0,297.0)= 1426 (648.9,269.6)=    0 (644.0,228.0)=    0 (642.1,217.4)=    0 (646.5,220.5)=    0 (644.7,219.3)=    0 
    471 | (384.0,591.0)= 1416 (385.9,563.8)=    0 (388.1,564.4)=    0 (387.1,555.8)=    0 (391.0,560.3)=    0 (387.8,559.5)=    0 
    472 | (770.0,629.0)= 1414 ( -1.0, -1.0)=   -3 ( -1.0, -1.0)=   -3 ( -1.0, -1.0)=   -3 ( -1.0, -1.0)=   -3 ( -1.0, -1.0)=   -3 
    473 | (227.0,257.0)= 1414 ( -1.0, -1.0)=   -5 ( -1.0, -1.0)=   -5 ( -1.0, -1.0)=   -5 ( -1.0, -1.0)=   -5 ( -1.0, -1.0)=   -5 
    474 | (162.0, 67.0)= 1413 (258.0, 63.4)=    0 (235.5, 59.6)=    0 (229.8, 48.1)=    0 (232.6, 50.7)=    0 (226.7, 46.9)=    0 
    475 | (675.0,191.0)= 1412 (676.0,168.3)=    0 (681.3,160.1)=    0 (680.1,148.8)=    0 (684.3,151.6)=    0 (679.5,149.9)=    0 
    476 | (179.0,192.0)= 1411 ( -1.0, -1.0)=   -3 ( -1.0, -1.0)=   -3 ( -1.0, -1.0)=   -3 ( -1.0, -1.0)=   -3 ( -1.0, -1.0)=   -3 
    477 | (800.0,278.0)= 1403 (832.2,289.7)=    0 (839.3,243.3)=    0 (839.8,231.7)=    0 (844.9,234.4)=    0 (844.8,233.2)=    0 
    478 | (423.0,498.0)= 1403 ( -1.0, -1.0)=   -5 ( -1.0, -1.0)=   -5 ( -1.0, -1.0)=   -5 ( -1.0, -1.0)=   -5 ( -1.0, -1.0)=   -5 
    479 | (518.0,415.0)= 1402 ( -1.0, -1.0)=   -5 ( -1.0, -1.0)=   -5 ( -1.0, -1.0)=   -5 ( -1.0, -1.0)=   -5 ( -1.0, -1.0)=   -5 
    480 | (851.0,481.0)= 1399 ( -1.0, -1.0)=   -5 ( -1.0, -1.0)=   -5 ( -1.0, -1.0)=   -5 ( -1.0, -1.0)=   -5 ( -1.0, -1.0)=   -5 
    481 | ( 25.0,581.0)= 1385 ( -1.0, -1.0)=   -3 ( -1.0, -1.0)=   -3 ( -1.0, -1.0)=   -3 ( -1.0, -1.0)=   -3 ( -1.0, -1.0)=   -3 
    482 | (511.0,590.0)= 1384 ( -1.0, -1.0)=   -5 ( -1.0, -1.0)=   -5 ( -1.0, -1.0)=   -5 ( -1.0, -1.0)=   -5 ( -1.0, -1.0)=   -5 
    483 | (177.0,213.0)= 1384 ( -1.0, -1.0)=   -5 ( -1.0, -1.0)=   -5 ( -1.0, -1.0)=   -5 ( -1.0, -1.0)=   -5 ( -1.0, -1.0)=   -5 
    484 | (184.0, 34.0)= 1383 ( -1.0, -1.0)=   -5 ( -1.0, -1.0)=   -5 ( -1.0, -1.0)=   -5 ( -1.0, -1.0)=   -5 ( -1.0, -1.0)=   -5 
    485 | (584.0,532.0)= 1380 (611.4,506.6)=    0 (590.0,504.9)=    0 (589.9,495.3)=    0 (594.2,499.5)=    0 (591.4,498.0)=    0 
    486 | (126.0, 69.0)= 1380 ( -1.0, -1.0)=   -5 ( -1.0, -1.0)=   -5 ( -1.0, -1.0)=   -5 ( -1.0, -1.0)=   -5 ( -1.0, -1.0)=   -5 
    487 | (740.0,180.0)= 1376 ( -1.0, -1.0)=   -5 ( -1.0, -1.0)=   -5 ( -1.0, -1.0)=   -5 ( -1.0, -1.0)=   -5 ( -1.0, -1.0)=   -5 
    488 | ( 25.0,107.0)= 1371 ( 43.9, 79.4)=    0 ( -1.0, -1.0)=   -4 ( -1.0, -1.0)=   -4 ( -1.0, -1.0)=   -4 ( -1.0, -1.0)=   -4 
    489 | (614.0,283.0)= 1364 ( -1.0, -1.0)=   -5 ( -1.0, -1.0)=   -5 ( -1.0, -1.0)=   -5 ( -1.0, -1.0)=   -5 ( -1.0, -1.0)=   -5 
    490 | (964.0,393.0)= 1358 ( -1.0, -1.0)=   -4 ( -1.0, -1.0)=   -4 ( -1.0, -1.0)=   -4 ( -1.0, -1.0)=   -4 ( -1.0, -1.0)=   -4 
    491 | (334.0,560.0)= 1356 (359.6,535.5)=    0 (379.3,532.1)=    0 (378.4,523.3)=    0 (382.4,527.5)=    0 (379.8,526.7)=    0 
    492 | (799.0,244.0)= 1354 (828.3,215.4)=    0 (807.8,212.8)=    0 (807.8,201.4)=    0 (812.9,204.0)=    0 (814.0,202.8)=    0 
    493 | (184.0,512.0)= 1347 (208.2,487.8)=    0 (186.1,485.6)=    0 (183.9,476.8)=    0 (186.8,480.7)=    0 (183.2,478.6)=    0 
    494 | (162.0, 42.0)= 1346 (183.0, 27.2)=    0 ( -1.0, -1.0)=   -4 ( -1.0, -1.0)=   -4 ( -1.0, -1.0)=   -4 ( -1.0, -1.0)=   -4 
    495 | (804.0,541.0)= 1341 ( -1.0, -1.0)=   -5 ( -1.0, -1.0)=   -5 ( -1.0, -1.0)=   -5 ( -1.0, -1.0)=   -5 ( -1.0, -1.0)=   -5 
    496 | (660.0,264.0)= 1339 (666.3,268.3)=    0 (668.8,262.5)=    0 (668.5,252.1)=    0 (673.0,255.3)=    0 (671.8,254.0)=    0 
    497 | (875.0,507.0)= 1335 ( -1.0, -1.0)=   -5 ( -1.0, -1.0)=   -5 ( -1.0, -1.0)=   -5 ( -1.0, -1.0)=   -5 ( -1.0, -1.0)=   -5 
    498 | (820.0,528.0)= 1334 ( -1.0, -1.0)=   -5 ( -1.0, -1.0)=   -5 ( -1.0, -1.0)=   -5 ( -1.0, -1.0)=   -5 ( -1.0, -1.0)=   -5 
    499 | (533.0,516.0)= 1334 (546.4,512.2)=    0 (524.7,510.1)=    0 (523.9,500.3)=    0 (527.2,504.9)=    0 (524.8,503.3)=    0 
